0 0 1 0.001
0.001 0.0009999998333333497 0.9999995000000833 0.0018
0.0028 0.002799996341336201 0.9999960800051221 0.00324
0.00604 0.00603996327532331 0.9999817593109079 0.005832
0.011872 0.01187172112197612 0.9999295294633926 0.01
0.021872 0.02187025621287672 0.9997608268769916 0.01
0.031872 0.03186660448893087 0.999492173780676 0.01
0.04187200000000001 0.04185976669690109 0.9991236238720618 0.01
0.05187200000000001 0.05184874422021995 0.9986552507806529 0.01
0.06187200000000001 0.06183253927808074 0.9980871480200538 0.01
0.07187200000000001 0.07181015512398599 0.9974194289273276 0.01
0.081872 0.08178059624362551 0.9966522265895733 0.01
0.091872 0.09174286855195671 0.9957856937578132 0.01
0.101872 0.1016959795893609 0.9948200027482966 0.01
0.111872 0.1116389387167498 0.9937553453313415 0.01
0.121872 0.1215707573094996 0.9925919326078496 0.01
0.131872 0.1314904489500879 0.9913299948736471 0.01
0.141872 0.1413970296193151 0.9899697814718166 0.01
0.151872 0.1512895178859886 0.9885115606331997 0.01
0.161872 0.1611669350949552 0.986955619305265 0.01
0.171872 0.1710283055533633 0.9853022629695485 0.01
0.181872 0.1808726567150444 0.9835518154478855 0.01
0.191872 0.1906990193629012 0.9817046186976707 0.01
0.2018720000000001 0.2005064277891948 0.9797610325963878 0.01
0.2118720000000001 0.2102939199736243 0.9777214347156696 0.01
0.2218720000000001 0.2200605377590963 0.9755862200851541 0.01
0.2318720000000001 0.2298053270250825 0.9733558009464182 0.01
0.2418720000000001 0.2395273378584686 0.9710306064972793 0.01
0.2518720000000001 0.2492256247217992 0.9686110826267629 0.01
0.2618720000000001 0.258899246618827 0.966097691641045 0.01
0.2718720000000001 0.2685472672572775 0.9634909119806911 0.01
0.2818720000000001 0.2781687552087441 0.9607912379295113 0.01
0.2918720000000001 0.2877627840656314 0.9579991793153718 0.01
0.3018720000000001 0.2973284325950669 0.955115261203299 0.01
0.3118720000000001 0.3068647848897081 0.9521400235812257 0.01
0.3218720000000002 0.3163709305153706 0.9490740210387318 0.01
0.3318720000000002 0.3258459646554101 0.9459178224391379 0.01
0.3418720000000002 0.3352889882517947 0.9426720105853144 0.01
0.3518720000000002 0.344699108142804 0.9393371818795755 0.01
0.3618720000000002 0.3540754371972998 0.9359139459780259 0.01
0.3718720000000002 0.3634170944455146 0.9324029254397366 0.01
0.3818720000000002 0.372723205206306 0.9288047553711233 0.01
0.3918720000000002 0.3819929012108347 0.9251200830659073 0.01
0.4018720000000002 0.3912253207226192 0.9213495676410368 0.01
0.4118720000000002 0.4004196086539331 0.9174938796689475 0.01
0.4218720000000002 0.409574916678507 0.9135537008065444 0.01
0.4318720000000003 0.4186904033405062 0.9095297234212809 0.01
0.4418720000000003 0.4277652341597555 0.9054226502147142 0.01
0.4518720000000003 0.4367985817331891 0.9012331938439142 0.01
0.4618720000000003 0.4457896258325055 0.8969620765410995 0.01
0.4718720000000003 0.4547375534980108 0.8926100297318703 0.01
0.4818720000000003 0.4636415591286392 0.8881777936524098 0.01
0.4918720000000003 0.4725008445681422 0.8836661169660158 0.01
0.5018720000000003 0.4813146191874408 0.8790757563793249 0.01
0.5118720000000003 0.4900820999631401 0.8744074762585839 0.01
0.5218720000000003 0.4988025115522081 0.869662048246322 0.01
0.5318720000000003 0.5074750863628252 0.8648402508787646 0.01
0.5418720000000004 0.5160990646214123 0.8599428692043357 0.01
0.5518720000000004 0.5246736944358515 0.8549706944035746 0.01
0.5618720000000004 0.5331982318549129 0.8499245234108012 0.01
0.5718720000000004 0.5416719409239108 0.8448051585378444 0.01
0.5818720000000004 0.5500940937366059 0.8396134071001518 0.01
0.5918720000000004 0.5584639704833837 0.8343500810455806 0.01
0.6018720000000004 0.5667808594957348 0.829015996586174 0.01
0.6118720000000004 0.5750440572870689 0.8236119738332066 0.01
0.6218720000000004 0.5832528685898973 0.818138836435785 0.01
0.6318720000000004 0.5914066063894201 0.8125974112232739 0.01
0.6418720000000004 0.5995045919535577 0.8069885278518136 0.01
0.6518720000000005 0.6075461548594688 0.8013130184551827 0.01
0.6618720000000005 0.615530633016601 0.795571717300254 0.01
0.6718720000000005 0.6234573726863184 0.7897654604472805 0.01
0.6818720000000005 0.6313257284981577 0.7838950854152379 0.01
0.6918720000000005 0.6391350634627646 0.7779614308524444 0.01
0.7018720000000005 0.6468847489815626 0.7719653362126657 0.01
0.7118720000000005 0.654574164853212 0.7659076414369046 0.01
0.7218720000000005 0.6622026992769151 0.7597891866410651 0.01
0.7318720000000005 0.6697697488526294 0.7536108118096733 0.01
0.7418720000000005 0.6772747185782477 0.7473733564958224 0.01
0.7518720000000005 0.6847170218438102 0.7410776595275055 0.01
0.7618720000000005 0.6920960804228125 0.7347245587204875 0.01
0.7718720000000006 0.6994113244606753 0.7283148905978567 0.01
0.7818720000000006 0.706662192460444 0.7218494901163908 0.01
0.7918720000000006 0.7138481312657856 0.7153291903998572 0.01
0.8018720000000006 0.7209685960413552 0.7087548224793653 0.01
0.8118720000000006 0.7280230502506008 0.7021272150408715 0.01
0.8218720000000006 0.7350109656310788 0.6954471941799346 0.01
0.8318720000000006 0.7419318221673553 0.6887155831638077 0.01
0.8418720000000006 0.748785108061564 0.6819332022009416 0.01
0.8518720000000006 0.7555703197016959 0.6751008682179731 0.01
0.8618720000000006 0.7622869616276994 0.6682193946442528 0.01
0.8718720000000006 0.7689345464954598 0.6612895912039679 0.01
0.8818720000000007 0.7755125950387416 0.6543122637159015 0.01
0.8918720000000007 0.7820206360291639 0.6472882139008648 0.01
0.9018720000000007 0.7884582062342912 0.6402182391968285 0.01
0.9118720000000007 0.7948248503739116 0.6331031325817733 0.01
0.9218720000000007 0.8011201210745843 0.625943682404272 0.01
0.9318720000000007 0.8073435788225301 0.6187406722218075 0.01
0.9418720000000007 0.8134947919149446 0.6114948806468246 0.01
0.9518720000000007 0.8195733364098099 0.6042070812005068 0.01
0.9618720000000007 0.8255787960742836 0.5968780421742609 0.01
0.9718720000000007 0.8315107623317405 0.5895085264988884 0.01

