0 0 1E-06
25 1.79856E-14 0.000145
50 2.70894E-14 0.001018
75 2.92655E-13 0.001964
100 8.39329E-14 0.004586
125 7.26086E-13 0.008334
150 4.23439E-13 0.013722
175 4.81171E-13 0.02172
200 2.9643E-13 0.032476
225 6.32383E-13 0.046355
250 3.80362E-13 0.063117
275 1.11156E-12 0.084057
300 2.63012E-12 0.108602
325 6.78368E-12 0.138624
350 4.87654E-12 0.172595
375 6.5703E-13 0.212133
400 2.5786E-12 0.257663
425 3.49054E-12 0.310194
450 2.58882E-12 0.374386
475 1.95333E-12 0.433441
500 8.92397E-13 0.50636
525 1.30678E-11 0.587166
550 2.5504E-12 0.675728
575 7.53153E-12 0.774346
600 2.63856E-12 0.881292
625 3.35976E-11 0.999705
650 7.55018E-12 1.12434
675 4.28502E-12 1.25954
700 2.18514E-12 1.40546
725 6.57008E-12 1.56386
750 1.6775E-11 1.73181
775 2.20883E-11 1.91145
800 5.8995E-12 2.10474
825 8.62355E-12 2.33093
850 2.58682E-10 2.5219
875 4.63163E-12 2.75744
900 5.3253E-12 2.99365
925 6.47393E-12 3.25456
950 7.22933E-12 3.52054
975 4.68114E-12 3.8049
1000 6.28637E-11 4.10569
1025 7.09188E-12 4.41996
1050 3.89089E-12 4.75091
1075 1.67359E-11 5.09904
1100 7.88147E-12 5.48151
1125 1.10392E-11 5.8535
1150 1.48266E-11 6.23953
1175 6.1624E-12 6.68061
1200 1.37954E-11 7.08785
1225 7.05689E-11 7.54052
1250 4.62824E-10 8.01148
1275 1.24563E-11 8.49071
1300 2.54625E-11 9.05049
1325 7.29616E-12 9.54529
1350 1.01003E-10 10.1197
1375 7.4408E-11 10.7248
1400 3.38696E-11 11.3402
1425 3.70661E-11 11.938