
0 0 1E-06

25 1.79856E-14 0.000149

50 2.70894E-14 0.001008

75 2.92655E-13 0.003305

100 8.39329E-14 0.004403

125 7.26086E-13 0.00803

150 4.23439E-13 0.013742

175 4.81171E-13 0.021934

200 2.9643E-13 0.032471

225 6.32383E-13 0.04605

250 3.80362E-13 0.063172

275 1.11156E-12 0.083825

300 2.63012E-12 0.108764

325 6.78368E-12 0.138044

350 4.87654E-12 0.172702

375 6.5703E-13 0.211872

400 2.5786E-12 0.256964

425 3.49054E-12 0.308972

450 2.58882E-12 0.367348

475 1.95333E-12 0.434441

500 8.92397E-13 0.507832

525 1.30678E-11 0.591194

550 2.5504E-12 0.682258

575 7.53153E-12 0.780375

600 2.63856E-12 0.88252

625 3.35976E-11 0.99717

650 7.55018E-12 1.13396

675 4.28502E-12 1.26619

700 2.18514E-12 1.43575

725 6.57008E-12 1.58861

750 1.6775E-11 1.74197

775 2.20883E-11 1.93334

800 5.8995E-12 2.12558

825 8.62355E-12 2.31718

850 2.58682E-10 2.54073

875 4.63163E-12 2.76065

900 5.3253E-12 3.02929

925 6.47393E-12 3.26185

950 7.22933E-12 3.53512

975 4.68114E-12 3.84737

1000 6.28637E-11 4.18719

1025 7.09188E-12 4.49368

1050 3.89089E-12 4.8167

1075 1.67359E-11 5.16713

1100 7.88147E-12 5.57232

1125 1.10392E-11 5.90789

1150 1.48266E-11 6.25953

1175 6.1624E-12 6.66957

1200 1.37954E-11 7.18178

1225 7.05689E-11 7.62184

1250 4.62824E-10 8.06047

1275 1.24563E-11 8.59108

1300 2.54625E-11 9.1062

1325 7.29616E-12 9.6112

1350 1.01003E-10 10.1419

1375 7.4408E-11 10.7224

1400 3.38696E-11 11.2584

1425 3.70661E-11 11.9798

1450 8.77955E-11 12.5698

1475 1.10219E-11 13.2571

1500 5.35028E-11 13.883

1525 6.52445E-11 14.5783

1550 5.98741E-11 15.2942

1575 1.32827E-11 16.1232

1600 6.05085E-11 16.9479

1625 1.29301E-11 17.7378

1650 9.80011E-10 18.5316

1675 2.96592E-11 19.3376

1700 2.11571E-11 20.2144

1725 3.99261E-11 21.1467

1750 2.41323E-11 22.1188

1775 1.43832E-11 23.1577

1800 7.37737E-11 24.0288

1825 2.54039E-11 25.1025

1850 5.76095E-12 26.0204

1875 1.64309E-11 27.1654

1900 2.3729E-11 28.286

1925 1.77779E-10 29.5067

1950 4.55111E-10 30.4449

1975 1.7941E-11 31.5648
