1.1E-06 -0.9889514054171306 -1.131315274925715E-08 0.003248403520552563 1.322598409012223E-09 -0.9992360897346214 -1.081270528150718E-08
3.08E-06 -0.9889514054171683 -3.167682769775463E-08 0.003248403520511886 3.70327620044834E-09 -0.9992360897344976 -3.027557613441726E-08
6.644E-06 -0.9889514054173256 -6.833144260365909E-08 0.003248403520341554 7.988496225593366E-09 -0.9992360897339793 -6.530874366873098E-08
1.30592E-05 -0.9889514054178996 -1.343097494248074E-07 0.003248403519720315 1.570189227470162E-08 -0.9992360897320883 -1.283684452241842E-07
2.460656E-05 -0.9889514054198748 -2.530707016431311E-07 0.003248403517582642 2.958600518732306E-08 -0.9992360897255819 -2.418759079842341E-07
4.5391808E-05 -0.9889514054264819 -4.668404152732811E-07 0.003248403510431839 5.457740857717895E-08 -0.9992360897038165 -4.461893407108125E-07
8.28052544E-05 -0.9889514054482624 -8.516258976448064E-07 0.003248403486858696 9.956193555603314E-08 -0.9992360896320656 -8.139535181790545E-07
0.00015014945792 -0.9889514055195048 -1.544239753149077E-06 0.003248403409753537 1.8053408929456E-07 -0.9992360893973765 -1.475929029125438E-06
0.000271369024256 -0.9889514057515412 -2.790944618124023E-06 0.003248403158622117 3.262839964123227E-07 -0.999236088632994 -2.667484898951334E-06
0.0004895642436608 -0.988951406505519 -5.035012936482447E-06 0.003248402342597072 5.886340070939013E-07 -0.9992360861492139 -4.812285172694385E-06
0.0008823156385894401 -0.9889514089523305 -9.074333346486273E-06 0.003248399694429634 1.060865065742536E-06 -0.9992360780888426 -8.672923959391249E-06
0.001589268149460992 -0.9889514168870531 -1.634509512016735E-05 0.003248391106727385 1.910887039967109E-06 -0.9992360519499891 -1.562206381472022E-05
0.002861782669029786 -0.9889514426081715 -2.943237898695706E-05 0.00324836326885819 3.440962007654703E-06 -0.9992359672183955 -2.813045742746919E-05
0.005152308804253615 -0.9889515259664714 -5.298898049057688E-05 0.003248273049872221 6.195303550931057E-06 -0.9992356926144469 -5.064522681952388E-05
0.009275255847656507 -0.9889517960779772 -9.53878915307452E-05 0.003247980700786296 1.115432337348273E-05 -0.9992348027808486 -9.116983367914185E-05
0.01669656052578171 -0.9889526712023621 -0.0001716885997854299 0.003247033462090943 2.008758601420371E-05 -0.9992319196740156 -0.0001641025893335436
0.03005490894640708 -0.9889555055733552 -0.0003089288091783545 0.003243964816319535 3.620841208314949E-05 -0.9992225800489464 -0.0002953142729029234
0.05409993610353275 -0.9889646769488786 -0.0005553721019864488 0.003234027937786708 6.546417409285935E-05 -0.9991923406878999 -0.0005311031094373432
0.09738098498635897 -0.9889942645723968 -0.0009955410057095793 0.003201892750494746 0.0001195034147208054 -0.9990945918040244 -0.0009532389957516556
0.1752868729754462 -0.9890887946031796 -0.001767970032590153 0.003098409989801221 0.0002246145098701495 -0.9987802454380096 -0.001699823463276416
0.2752868729754462 -0.9892826690468308 -0.002697601784961938 0.002882108919643892 0.0003827820183405347 -0.9981250613283861 -0.002616675880469028
0.3752868729754462 -0.9895471873931155 -0.003525264125460204 0.002577378829412818 0.0005758038800600116 -0.9972053144889157 -0.003464444850302147
0.4752868729754461 -0.9898668015681166 -0.004219401051017787 0.002192299249183302 0.0008077086256540497 -0.9960460911762078 -0.004219854271049755
0.5752868729754461 -0.9902229539455524 -0.004752867493851288 0.001737244811099424 0.0010756750413013 -0.9946758825059729 -0.004860140871082343
0.6752868729754461 -0.9905952812225589 -0.005103419908358392 0.001224884650192303 0.001369022251067836 -0.9931248926836919 -0.005361948439810502
0.7752868729754461 -0.9909629587865549 -0.00525396542893067 0.0006703180893559531 0.001668079925105667 -0.9914245697726016 -0.005699731448395034
0.8752868729754461 -0.9913061920057993 -0.005192715691260048 9.138568993731004E-05 0.001942746646894366 -0.9896091503267921 -0.005843903414101422
0.975286872975446 -0.9916078782126923 -0.004913480751143766 -0.0004908440510813609 0.002151034810498562 -0.9877202650024554 -0.005759325115004869
1.070895933232587 -0.9918457941497817 -0.004442769202223825 -0.00102772453658396 0.002238488873191129 -0.9858986740268828 -0.005427321358746488
1.158724793329781 -0.9920156942475037 -0.003840758155694145 -0.00148196268657057 0.002175896748481188 -0.9842767169412627 -0.004874622826313909
1.240924083324828 -0.9921324517936808 -0.003141037436619289 -0.001853356647855549 0.001957892865877142 -0.9828799087100598 -0.004123278875651433
1.318541997860861 -0.992208281864335 -0.00237448450504928 -0.002139012325059422 0.001593248674679544 -0.9817526121780766 -0.003204329851647992
1.392393265234953 -0.992253755639259 -0.001568543249560417 -0.002338007689727964 0.001108179527699431 -0.9809354977314638 -0.002159898504799152
1.462747262099737 -0.9922769212051076 -0.0007526219772283969 -0.002451396132432155 0.0005476595256015112 -0.9804568606084689 -0.001048747251799576
1.530277567645226 -0.9922832998785582 5.249012233872095E-05 -0.002484474029666736 -3.852657358177112E-05 -0.9803153298201928 7.340045278704105E-05
1.597893716749667 -0.9922749729744873 0.0008571234488036429 -0.002441467035049685 -0.0006220891168211166 -0.9804991734644823 0.001193111185702498
1.665680171945051 -0.9922507816466433 0.001639541655565913 -0.002324124776926829 -0.001154169322073935 -0.98099342745184 0.002254426325800688
1.733759523324862 -0.992207876701746 0.002379896614573063 -0.002137351368029157 -0.001596194486055837 -0.9817593166835419 0.003211102994747505
1.805001285645714 -0.9921392878987306 0.003086540578186117 -0.001877330138400836 -0.001935835718760435 -0.9827871999573876 0.004060907112812254
1.88290386224826 -0.992032287962589 0.00376116463067935 -0.001531059853777897 -0.002157892359711396 -0.9840960495959127 0.004794288858200275
1.964179607514211 -0.9918817698570754 0.004340468925936444 -0.001117698732242188 -0.002238508421535393 -0.9855839794448565 0.00534130196935221
2.045998451693891 -0.9916895410872526 0.004784775268919401 -0.0006653789526702104 -0.002193376053335558 -0.9871377659358497 0.005681916034163726
2.130659365897485 -0.9914505210727054 0.005091931573042402 -0.0001764904226357122 -0.00204945683494924 -0.9887494710712629 0.005835871747156462
2.219486574841558 -0.9911628118848071 0.005245531988465836 0.000341982526820781 -0.001830064372586577 -0.9904012794028422 0.005807765632830854
2.314780143808928 -0.9908240505589425 0.005220829174075832 0.0008865396603128129 -0.001554584949112616 -0.99209106835534 0.005591568145116425
2.414780143808928 -0.9904521636785676 0.004992029265120815 0.001426897544754259 -0.001254760459894462 -0.9937380505837842 0.005187756859196366
2.514780143808928 -0.9900835624910702 0.004569148042587762 0.001918965739163922 -0.0009693238912637448 -0.9952234700821097 0.004630076013727569
2.614780143808928 -0.9897390626564805 0.003971269453827826 0.002348601899680252 -0.0007143514320191394 -0.9965164078807178 0.003943020321262464
2.714780143808929 -0.9894384876136622 0.003222553677506056 0.002704022825917288 -0.0004973949755249507 -0.9975871781317525 0.00314955400069369
2.814780143808929 -0.9891993767685187 0.002351908634751988 0.002975726711938151 -0.0003185299102991745 -0.9984083489898746 0.002272536585422836
2.914780143808929 -0.9890358418864397 0.001392383860505792 0.003156531970634167 -0.0001714068608897562 -0.9989567224379138 0.001335612516920915
3.014780143808929 -0.9889576191870899 0.0003802408426650697 0.003241675795239428 -4.462513528713225E-05 -0.999215613660803 0.0003635160898947081
3.114780143808929 -0.9889693912993618 -0.0006462744890316557 0.003228915660376298 7.640151567391563E-05 -0.9991767857629469 -0.0006181569239037138

1.1E-06 -0.9889286718894014 -1.108467207684807E-08 0.00297044887655056 1.24057895343827E-09 -0.9990056465047022 -9.97909233896127E-09
3.08E-06 -0.9889286718894384 -3.103708181501079E-08 0.002970448876513019 3.473620629384474E-09 -0.9990056465045796 -2.794145717268083E-08
6.644E-06 -0.9889286718895933 -6.695141934232741E-08 0.002970448876355819 7.493095646674221E-09 -0.9990056465040658 -6.027371387250551E-08
1.30592E-05 -0.988928671890159 -1.315972268821157E-07 0.002970448875782475 1.472815068181197E-08 -0.9990056465021919 -1.184717759262475E-07
2.460656E-05 -0.9889286718921051 -2.479596803946103E-07 0.002970448873809608 2.775124977032418E-08 -0.9990056464957445 -2.232282875855506E-07
4.5391808E-05 -0.9889286718986153 -4.574120963580368E-07 0.002970448867210102 5.119282828312258E-08 -0.9990056464741768 -4.117900083449452E-07
8.28052544E-05 -0.9889286719200767 -8.344264429518917E-07 0.002970448845454349 9.3387670520935E-08 -0.999005646403077 -7.512011043566959E-07
0.00015014945792 -0.9889286719902747 -1.513052254188795E-06 0.002970448774293676 1.693383919480461E-07 -0.9990056461705175 -1.362141069179718E-06
0.000271369024256 -0.9889286722189095 -2.734578640259885E-06 0.002970448542523438 3.060497222112404E-07 -0.9990056454130714 -2.461832958908897E-06
0.0004895642436608 -0.9889286729618342 -4.933325701141899E-06 0.002970447789410515 5.52130302198653E-07 -0.9990056429518304 -4.441278085600397E-06
0.0008823156385894401 -0.9889286753727755 -8.891067874280183E-06 0.002970445345405731 9.950764302674511E-07 -0.9990056349646026 -8.004277707664065E-06
0.001589268149460992 -0.9889286831911756 -1.60149889768607E-05 0.002970437419779558 1.792385790253198E-06 -0.9990056090629462 -1.441766765085168E-05
0.002861782669029786 -0.988928708535222 -2.883796054169488E-05 0.002970411728094968 3.227579574253225E-06 -0.9990055251002565 -2.596171483090114E-05
0.005152308804253615 -0.9889287906714681 -5.191880518761344E-05 0.002970328464628566 5.811143865659676E-06 -0.9990052529883001 -4.674068053312809E-05
0.009275255847656507 -0.988929056822863 -9.3461384717886E-05 0.002970058654569217 1.046281642097087E-05 -0.9990043712306096 -8.41409567661255E-05
0.01669656052578171 -0.9889299191148447 -0.0001682208761199174 0.002969184445422099 1.884315593995256E-05 -0.9990015142984605 -0.0001514505939660449
0.03005490894640708 -0.9889327119010601 -0.0003026879446366322 0.002966352394141058 3.397047983137148E-05 -0.9989922595518362 -0.0002725446109435802
0.05409993610353275 -0.9889417484774968 -0.0005441457124947109 0.00295718176184945 6.144816747236468E-05 -0.9989622959218414 -0.0004901446657524141
0.09738098498635897 -0.9889708987189403 -0.0009753765642666368 0.00292752567946775 0.0001123459361039975 -0.9988654479136757 -0.0008796750025879866
0.1752868729754462 -0.9890640054596227 -0.001731929221331545 0.002832037808648238 0.0002121357663969235 -0.9985540977441832 -0.001568352786862299
0.2752868729754462 -0.9892548347820918 -0.002641873382257676 0.002632504997564216 0.0003644440862592955 -0.9979056445371496 -0.002413354805939726
0.3752868729754462 -0.9895149138183529 -0.003451080737956741 0.0023515303459168 0.0005530181439406995 -0.9969964566477509 -0.003193490309273579
0.4752868729754461 -0.9898286968523607 -0.00412855574724193 0.001996692812984131 0.000781984176091139 -0.9958523995548275 -0.003887072296945553
0.5752868729754461 -0.9901776921233436 -0.004647793296781998 0.001577702905255983 0.001048357344754428 -0.9945028256696485 -0.004473032763192259
0.6752868729754461 -0.9905416976809918 -0.004987266226577687 0.001106386673736782 0.001341080128853403 -0.9929788195268517 -0.004929921180214109
0.7752868729754461 -0.9909001698686183 -0.005130662690289455 0.0005967928169466376 0.001639986447803087 -0.9913126694562264 -0.005234469177206083
0.8752868729754461 -0.9912337251927702 -0.005067018934973103 6.545598593505472E-05 0.001914506964430259 -0.9895393107853017 -0.005359959908274177
0.975286872975446 -0.991525791943909 -0.004790976045047487 -0.000468188292732913 0.002122432967923687 -0.987700690412094 -0.005274964901176671
1.071443299910929 -0.9917562859866604 -0.004326057433873493 -0.0009622942836183901 0.002209707860684379 -0.9859242771208714 -0.004961468863517354
1.159958538880953 -0.9919201000192638 -0.00373170342675891 -0.001380271997457657 0.002145660742951366 -0.9843460717397852 -0.004444255056551572
1.242905888610358 -0.9920318529181622 -0.003041268596791936 -0.001721344965194431 0.001924972007009875 -0.982992166262629 -0.003744245698642615
1.321446424508825 -0.9921038384940659 -0.002284007734929325 -0.001983027055605549 0.0015563274334703 -0.9819040511350604 -0.002889234763808075
1.396339598146461 -0.9921464532777983 -0.001487309450583718 -0.002163914002111233 0.001066664633076673 -0.9811226038026498 -0.001918760220690645
1.467666656431382 -0.9921675930346026 -0.0006823506585695782 -0.002264557303720669 0.0005035508031561322 -0.9806762544601956 -0.0008902736531473519
1.536318142457967 -0.9921726774388574 0.000112579782583418 -0.002290173513792018 -8.368750773531027E-05 -0.9805612432949092 0.0001473126808944563
1.605296541887248 -0.9921634509123971 0.000907997802166412 -0.002244123704522234 -0.0006661898790341771 -0.9807675816061378 0.001181946238910662
1.674252618485556 -0.9921385929080181 0.001677116814291629 -0.002128576596854423 -0.001190806265499296 -0.9812773052653179 0.002155207032927506
1.743716755081538 -0.9920948446927942 0.002404594580236817 -0.001947758772879769 -0.001622264776247271 -0.9820534966798002 0.003030411970269295
1.816708616784624 -0.9920246381998991 0.003098479389241781 -0.001697314751840368 -0.001947960326084918 -0.9830898026059757 0.003805475500969942
1.896522317563049 -0.9919149429995989 0.003756084555725795 -0.001365870782057067 -0.00215092614241828 -0.9844018250691567 0.004467249170686269
1.978818550548368 -0.9917625807966406 0.004308546435791055 -0.0009770936080269418 -0.002210059926662187 -0.985869703951472 0.004947728702501696
2.061976403005329 -0.9915677538779289 0.004727123088571222 -0.0005522366523402172 -0.002146054959294165 -0.9874042332855886 0.005239516175165298
2.148099577721666 -0.9913259359277602 0.0050069173324277 -9.462627258674855E-05 -0.001985800006809465 -0.9889948841507019 0.005358176084809971
2.238676096548472 -0.9910351801657349 0.0051307774017436 0.0003896391905256833 -0.001752811208960815 -0.9906266776111325 0.005306751458734151
2.335755450954374 -0.9906948357100028 0.005072460358499269 0.0008950781183352 -0.001467998233594836 -0.9922910046764912 0.005078488410490086
2.435755450954374 -0.9903306912490072 0.004814061098966871 0.001384399306328683 -0.001169636779694783 -0.9938790356890669 0.00468289725370522
2.535755450954374 -0.9899728444120797 0.004368368506291558 0.001827041097653925 -0.000890293476468394 -0.9953060862763236 0.004148728801753851
2.635755450954374 -0.9896418156066863 0.003754727298551535 0.002210260947521831 -0.0006447296838654253 -0.9965405945232987 0.003498006792854709
2.735755450954374 -0.9893569772113393 0.002997584099364149 0.002523459611464736 -0.0004392231208906787 -0.9975523184979698 0.00275181008533848
2.835755450954374 -0.989135259480541 0.002126118610891906 0.002758150558625108 -0.0002725225134701914 -0.9983136557211412 0.001931475335557139
2.935755450954374 -0.988990006268639 0.001173572997510017 0.002908025236911234 -0.0001369192546340986 -0.9988018050489014 0.001059296329170389
3.035755450954374 -0.9889300409791251 0.0001762458540397823 0.002969060888686501 -1.974372094293375E-05 -0.9990011105181633 0.0001586763648005247
3.135755450954374 -0.9889590257525542 -0.0008278091367954483 0.002939618254943582 9.458668729505003E-05 -0.998904929787031 -0.0007462068180085909

1.1E-06 -0.9889072116222114 -1.084812402093347E-08 0.002667698382382787 1.154099881392198E-09 -0.9987691425503171 -9.046583758211915E-09
3.08E-06 -0.9889072116222478 -3.0374747258451E-08 0.002667698382348754 3.231480189812925E-09 -0.9987691425501956 -2.533043566375933E-08
6.644E-06 -0.9889072116224005 -6.552266908462228E-08 0.002667698382206244 6.970764745585339E-09 -0.998769142549687 -5.464136909293853E-08
1.30592E-05 -0.9889072116229575 -1.287889283624531E-07 0.002667698381686477 1.37014769501589E-08 -0.9987691425478319 -1.07401049259966E-07
2.460656E-05 -0.988907211624874 -2.426681950040855E-07 0.002667698379897967 2.581675894474504E-08 -0.9987691425414484 -2.023684735259923E-07
4.5391808E-05 -0.9889072116312849 -4.47650874603963E-07 0.002667698373915159 4.76242666950606E-08 -0.9987691425200945 -3.73309836994559E-07
8.28052544E-05 -0.9889072116524192 -8.166196957673003E-07 0.002667698354192397 8.687778159976466E-08 -0.9987691424496997 -6.810042899845447E-07
0.00015014945792 -0.9889072117215471 -1.480763561370108E-06 0.002667698289681412 1.575341140593705E-07 -0.9987691422194457 -1.234854297968817E-06
0.000271369024256 -0.9889072119466964 -2.676222446126654E-06 0.002667698079569199 2.847155455440138E-07 -0.9987691414695087 -2.231784268912892E-06
0.0004895642436608 -0.9889072126782954 -4.828048009482015E-06 0.002667697396831743 5.136423157075515E-07 -0.9987691390326681 -4.026257962421732E-06
0.0008823156385894401 -0.9889072150524828 -8.701331515353292E-06 0.002667695181209683 9.257116327114703E-07 -0.9987691311246243 -7.256309125315995E-06
0.001589268149460992 -0.9889072227516938 -1.567322718197205E-05 0.002667687996202468 1.667443004960776E-06 -0.9987691054797527 -1.307039254588517E-05
0.002861782669029786 -0.9889072477093769 -2.822255392564751E-05 0.002667664705306727 3.002597999357491E-06 -0.9987690223494631 -2.353569209282834E-05
0.005152308804253615 -0.9889073285934571 -5.08108435150284E-05 0.00266758922249841 5.406101735491259E-06 -0.9987687529352826 -4.237293601924184E-05
0.009275255847656507 -0.9889075906871615 -9.146685673585284E-05 0.002667344625261973 9.733719336007169E-06 -0.998767879920346 -7.627825283881116E-05
0.01669656052578171 -0.9889084398305471 -0.0001646307200685748 0.002666552108865233 1.753107506388208E-05 -0.9987650513237001 -0.0001372977783881405
0.03005490894640708 -0.9889111900073891 -0.000296226774143017 0.002663984715537655 3.16108642771445E-05 -0.9987558884574839 -0.0002470743493250072
0.05409993610353275 -0.9889200884641069 -0.00053252323326621 0.002655671187883768 5.721366456662286E-05 -0.9987262232515013 -0.0004443307302631508
0.09738098498635897 -0.9889487905560869 -0.0009545018901211769 0.002628787866265764 0.0001047982618176503 -0.9986303497057869 -0.0007974041236811393
0.1752868729754462 -0.9890404390517384 -0.001694625968062382 0.002542238713274934 0.0001989720941197253 -0.9983222347056971 -0.001421401431902062
0.2752868729754462 -0.9892281489928315 -0.002584215706493344 0.002361437957933886 0.0003450836496947566 -0.99768102108218 -0.002186351215298275
0.3752868729754462 -0.9894836820918363 -0.003374372512290617 0.002106964378085692 0.0005289292245666483 -0.9967831270913756 -0.002891462728272594
0.4752868729754461 -0.9897914975591509 -0.004034686738368768 0.001785802362695663 0.0007547339931128382 -0.9956551892603378 -0.003516891054760841
0.5752868729754461 -0.9901331748632566 -0.004539316847322583 0.001406880259659806 0.001019342474694126 -0.9943274002068889 -0.00404349179065372
0.6752868729754461 -0.9904886818434631 -0.004867472024886526 0.0009810411801323934 0.001311311107332553 -0.992831685609215 -0.0044519293191604
0.7752868729754461 -0.9908377667229594 -0.005003635376580576 0.0005211231186014051 0.001609973190793909 -0.9912011112467706 -0.004721408363227215
0.8752868729754461 -0.9911614690419772 -0.004937672814512868 4.217577959393935E-05 0.001884297250249438 -0.9894712185665051 -0.004828263828918991
0.975286872975446 -0.9914437586223194 -0.004665049392914003 -0.0004381942437540515 0.002091872648166682 -0.9876841437634828 -0.004744929682675569
1.072024572368214 -0.9916666754933698 -0.004206206557804632 -0.0008849296353998388 0.002179064064657692 -0.9859539523660688 -0.004454186375902653
1.161241787430541 -0.9918242202873363 -0.003620038089397666 -0.001262665279466701 0.002113664832747543 -0.9844207665701558 -0.003978783565865377
1.244951518381521 -0.9919308276266696 -0.002939577948195765 -0.001570249615165205 0.001890457175872478 -0.9831107962478906 -0.003338214985842882
1.324463386565652 -0.9919988909153719 -0.002192146508866855 -0.00180567847873902 0.001517885545228946 -0.9820623012355316 -0.002556561775977891
1.400457174458301 -0.9920386090363936 -0.001405224536266974 -0.001967053948397634 0.001023672880984946 -0.9813167572388162 -0.001670446011357452
1.472822062044562 -0.9920577350243552 -0.0006116722085892138 -0.002054491918686869 0.0004580492347930677 -0.9809026357413275 -0.000734918058734035
1.542668253953153 -0.9920615618239399 0.0001726106049654647 -0.002072981109192651 -0.0001300161774401744 -0.9808140961676787 0.0002078643911405958
1.613113173882585 -0.9920514797024976 0.0009584478807289397 -0.00202502880086166 -0.0007110869502958804 -0.9810430163388089 0.001147404070271514
1.68330723094828 -0.9920260008237665 0.001713579832542108 -0.001913250534864512 -0.001227331924541537 -0.9815679435812155 0.002023895975492968
1.754238984535136 -0.9919814163356694 0.00242740238464934 -0.001741132481547582 -0.001647057331094338 -0.9823541521046244 0.002809936769060191
1.829107802560614 -0.9919094967639587 0.003107719187433558 -0.001503861491815578 -0.001957392745515168 -0.9833988912645769 0.00350367583023933
1.910894164260551 -0.9917970128625067 0.003746657453593731 -0.001192152677866811 -0.002139527772388686 -0.9847127557333314 0.004088488067955741
1.994266872170863 -0.9916426971265312 0.004271330828510294 -0.000832835208649615 -0.002176291245880041 -0.9861598859427463 0.004501051024201
2.078842433735687 -0.9914451177109493 0.004663059698176816 -0.0004407015083331467 -0.002092701766399416 -0.987674639015127 0.004743929964360881
2.166517160755348 -0.9912003660621295 0.004914234833578682 -1.989249707889237E-05 -0.001915740868586356 -0.9892437078857427 0.004828831018085798
2.258966090140234 -0.990906455122297 0.005006821807500434 0.0004244062804749331 -0.001669136342920254 -0.9908549565705903 0.004757255798597058
2.35799832302759 -0.990564504635459 0.004913132417214327 0.0008851322307979989 -0.001375469735464385 -0.9924933682926584 0.004521951423171272
2.45799832302759 -0.9902086887113131 0.004624888474681513 0.001319404490865466 -0.001080000300850888 -0.9940207323058956 0.004141389142827252
2.55799832302759 -0.9898623431125381 0.004156405899642518 0.001709330767606675 -0.0008082846651226532 -0.9953871310297006 0.003638389852335203
2.657998323027591 -0.9895456677948978 0.003527360529410635 0.002043652712546421 -0.0005736526075953944 -0.996560399434137 0.003032484984341049
2.757998323027591 -0.9892775388845471 0.00276254454273271 0.002313033414697979 -0.0003809587446028152 -0.9975098533518588 0.002342769815431826
2.857998323027591 -0.9890742118068037 0.001891448045794787 0.002510066536646356 -0.0002274685805275584 -0.998207903932408 0.001588887993671302
2.957998323027591 -0.9889481796900237 0.0009475153330248025 0.002629361109290513 -0.0001039835483694408 -0.9986323931955243 0.0007915466452156243
3.057998323027591 -0.9889072607935039 -3.294405122512962E-05 0.002667652494597681 3.504954268849803E-06 -0.9987689787669566 -2.747311478777142E-05

1.1E-06 -0.988887100302324 -1.060289982820674E-08 0.002330558874162313 1.06289127044486E-09 -0.9985261001461331 -7.979376446558766E-09
3.08E-06 -0.9888871003023599 -2.968811951881874E-08 0.002330558874132295 2.976095069646996E-09 -0.9985261001460131 -2.234225064419285E-08
6.644E-06 -0.9888871003025101 -6.404151496057631E-08 0.002330558874006597 6.419861908848671E-09 -0.99852610014551 -4.81954241992092E-08
1.30592E-05 -0.9888871003030583 -1.258776267465744E-07 0.002330558873548146 1.261864222377813E-08 -0.9985261001436748 -9.473113659329153E-08
2.460656E-05 -0.9888871003049443 -2.371826279036081E-07 0.002330558871970623 2.377644681814642E-08 -0.9985261001373604 -1.784954188714714E-07
4.5391808E-05 -0.9888871003112534 -4.375316296354675E-07 0.002330558866693597 4.386049525497218E-08 -0.998526100116238 -3.292711267829023E-07
8.28052544E-05 -0.988887100332052 -7.981598306617851E-07 0.002330558849297494 8.001178343652748E-08 -0.9985261000466064 -6.006673998951454E-07
0.00015014945792 -0.9888871004000817 -1.447290580167934E-06 0.002330558792396757 1.450841080372307E-07 -0.9985260998188489 -1.089180684837825E-06
0.000271369024256 -0.9888871006216539 -2.615725856830985E-06 0.002330558607071117 2.622143268009054E-07 -0.9985260990770436 -1.968504558641432E-06
0.0004895642436608 -0.9888871013416296 -4.718908930771915E-06 0.002330558004875012 4.730489224085585E-07 -0.9985260966666255 -3.55128730266734E-06
0.0008823156385894401 -0.9888871036780968 -8.504635985814766E-06 0.002330556050626044 8.525523739592832E-07 -0.9985260888443285 -6.400294904747459E-06
0.001589268149460992 -0.9888871112549856 -1.531893021678412E-05 0.00233054971322174 1.535665473003633E-06 -0.9985260634775244 -1.15285007814397E-05
0.002861782669029786 -0.9888871358161475 -2.758457540243804E-05 0.002330529169913525 2.765309236497562E-06 -0.9985259812486246 -2.075922580063831E-05
0.005152308804253615 -0.9888872154151409 -4.966224417399452E-05 0.002330462591691817 4.978902446227777E-06 -0.9985257147558094 -3.737426504597524E-05
0.009275255847656507 -0.9888874733444741 -8.939917484454394E-05 0.002330246849280779 8.964737612253504E-06 -0.9985248512081717 -6.727978533372361E-05
0.01669656052578171 -0.9888883089935804 -0.0001609088932951345 0.002329547825868492 1.614721447675993E-05 -0.9985220532948005 -0.000121100679697744
0.03005490894640708 -0.988891015440888 -0.0002895286751091578 0.002327283316091152 2.912214170872577E-05 -0.9985129899166199 -0.0002179255614521775
0.05409993610353275 -0.9888997721475042 -0.0005204747839996744 0.002319950653217109 5.27473523725813E-05 -0.99848364778907 -0.0003919029950018151
0.09738098498635897 -0.9889280143179171 -0.0009328634368718108 0.002296240095415323 9.683671579843105E-05 -0.998388828637741 -0.0007032729801364546
0.1752868729754462 -0.9890181663485159 -0.001655965277640015 0.002219915383211677 0.000185082485647302 -0.9980842082286678 -0.001253360480923233
0.2752868729754462 -0.9892026756940554 -0.002524484165316567 0.002060522328870963 0.0003246411773912948 -0.9974507856371312 -0.001927076311068671
0.3752868729754462 -0.9894535461992396 -0.003294951267081292 0.001836291971691484 0.0005034641764596401 -0.996564980612958 -0.002547074862032874
0.4752868729754461 -0.9897552447507011 -0.003937570199184666 0.001553487652261865 0.0007258768145932981 -0.9954541904422043 -0.003095691215348382
0.5752868729754461 -0.9900894278136966 -0.004427188273156079 0.001220097059097143 0.0009885451937592211 -0.9941494238460382 -0.003556008119822749
0.6752868729754461 -0.9904362420965925 -0.004743772236818108 0.0008457928815163377 0.001279629308536441 -0.9926834046476816 -0.003911082694385887
0.7752868729754461 -0.9907757394648755 -0.00487261485102067 0.0004419880023070728 0.001577956155229306 -0.9910899089179134 -0.004142854847793165
0.8752868729754461 -0.9910893953376033 -0.004804416985644455 2.20071560466477E-05 0.001852037525193689 -0.9894049871803869 -0.004230960902603024
0.975286872975446 -0.9913617326046891 -0.004535460338228867 -0.0003986358558102619 0.002059280072348815 -0.9876708343200827 -0.004151919527182417
1.072609640593694 -0.9915768324105478 -0.004083194229494412 -0.000791536018179232 0.002146490058454926 -0.985988587346186 -0.003889711017067492
1.162548856715477 -0.9917279308224629 -0.003505820440931552 -0.00112363519639008 0.002079906318515805 -0.9845016968899325 -0.003464630958968261
1.247046111976623 -0.9918292643295127 -0.002836041034204603 -0.00139347168271212 0.001854384711478896 -0.983236567993066 -0.002894349581723945
1.32758032761005 -0.9918933253551699 -0.00209908379422205 -0.001599516591905008 0.001478017851894117 -0.9822281593156318 -0.002198933223476995
1.404735584036289 -0.9919301122287436 -0.001322594244777363 -0.001739467820660412 0.0009793666933552755 -0.9815187339517636 -0.001411483632297042
1.47822079354547 -0.9919472477589956 -0.0005408489839141105 -0.001813097031637315 0.0004112651635886828 -0.9811366476000979 -0.0005830339757961274
1.549353556409777 -0.9919498651173447 0.0002323658311259039 -0.001824963642341858 -0.0001774507709063986 -0.9810744626463176 0.0002509010548278904
1.621353936510379 -0.9919389905444914 0.001007899846670756 -0.001776790033412834 -0.0007564439300070613 -0.9813258548716758 0.001081110347899299
1.69286296325898 -0.9919129536484046 0.001748313522232889 -0.00167157854681522 -0.001263351873428839 -0.9818655252225915 0.00184891667034224
1.765382277410339 -0.9918675316791853 0.002447906483282702 -0.001511958623974474 -0.001670234965651474 -0.9826616215857771 0.002535603992151305
1.842332190595933 -0.9917937233664565 0.003114253205543732 -0.001292738769431666 -0.001963820577837509 -0.9837156416461105 0.003139525894129045
1.926160287651321 -0.9916783189499266 0.00373270488846182 -0.001007412917717019 -0.00212318386703087 -0.9850299860358924 0.0036404916728436
2.010689289129617 -0.9915218652828293 0.00422856958621273 -0.0006840915133472937 -0.00213657208314999 -0.9864559263656455 0.003983095555199895
2.096799481150255 -0.9913212585344144 0.004592211529758074 -0.0003316930752350013 -0.002032561553857924 -0.9879508173777899 0.004176958815986835
2.186129774492932 -0.9910733814172105 0.004813224994266143 4.486772485928101E-05 -0.00183850413062964 -0.9894977124609705 0.004230246981038252
2.280573663531256 -0.9907762420159805 0.004872662546068258 0.0004413560142360325 -0.001578402110734274 -0.9910873986209278 0.004143104211029154
2.380573663531256 -0.9904367705232557 0.00474411480980314 0.0008451962334932021 -0.001280085515688735 -0.9926810621852649 0.00391153497832238
2.480573663531256 -0.990089952373851 0.0044278074006929 0.001219554562421944 -0.0009889717373737837 -0.9941473018735046 0.003556634302594096
2.580573663531256 -0.989755734714199 0.00393843936249112 0.001553015363069851 -0.0007262487339016509 -0.9954523396457307 0.003096464903071576
2.680573663531256 -0.9894539720841202 0.003296035926809461 0.001835903361515509 -0.0005037700844306106 -0.996563449961358 0.002547970473732544
2.780573663531256 -0.9892030113451721 0.002525742253167261 0.002060228288662607 -0.0003248820653083738 -0.9974496202736818 0.001928067616629579
2.880573663531256 -0.989018390814466 0.001657348175569293 0.002219724109355146 -0.0001852702405235652 -0.998083445955712 0.001254419730957768
2.980573663531256 -0.9889117040365807 0.0007244656087461372 0.002309944740616972 -7.417270290827174E-05 -0.9984436227241422 0.0005457812873990837
3.080573663531256 -0.988889715251943 -0.0002366463538565233 0.00232837130260289 2.377631568449863E-05 -0.9985173443220536 -0.0001781116609069275

1.1E-06 -0.9888684256492195 -1.034830128936828E-08 0.001941270406647663 9.66636130516839E-10 -0.9982759722759029 -6.711907272095047E-09
3.08E-06 -0.9888684256492549 -2.897524361007317E-08 0.001941270406622413 2.706580599288984E-09 -0.9982759722757842 -1.879334261539692E-08
6.644E-06 -0.9888684256494028 -6.2503739786015E-08 0.001941270406516682 5.838480643743175E-09 -0.9982759722752871 -4.053992623271791E-08
1.30592E-05 -0.9888684256499417 -1.228550328936615E-07 0.001941270406131052 1.147590072830617E-08 -0.9982759722734739 -7.968377673964887E-08
2.460656E-05 -0.9888684256517966 -2.314873604304143E-07 0.001941270404804107 2.162325690921019E-08 -0.9982759722672344 -1.501427076253568E-07
4.5391808E-05 -0.9888684256580009 -4.270255496503106E-07 0.001941270400365298 3.988849820902864E-08 -0.9982759722463628 -2.769687830570716E-07
8.28052544E-05 -0.9888684256784543 -7.789942881821971E-07 0.001941270385732441 7.276593358706694E-08 -0.9982759721775583 -5.05255717865173E-07
0.00015014945792 -0.9888684257453547 -1.412538005358365E-06 0.001941270337869975 1.319453233958642E-07 -0.9982759719525059 -9.161721948008385E-07
0.000271369024256 -0.9888684259632492 -2.552916624766612E-06 0.001941270181981975 2.384682610277677E-07 -0.9982759712195113 -1.6558218197126E-06
0.0004895642436608 -0.9888684266712751 -4.605597721145912E-06 0.001941269675440374 4.302097593400259E-07 -0.9982759688377227 -2.987190948047589E-06
0.0008823156385894401 -0.988868428968962 -8.30042124870093E-06 0.001941268031609754 7.753456868430274E-07 -0.9982759611083342 -5.383654230720927E-06
0.001589268149460992 -0.9888684364200905 -1.495108931774363E-05 0.00194126270085645 1.396597540858098E-06 -0.9982759360428225 -9.697281435005418E-06
0.002861782669029786 -0.9888684605735875 -2.692220850641032E-05 0.001941245420705315 2.514892803793174E-06 -0.9982758547905987 -1.746177127776773E-05
0.005152308804253615 -0.9888685388513787 -4.846973686865866E-05 0.001941189417962907 4.52806886625818E-06 -0.9982755914631434 -3.143762474079558E-05
0.009275255847656507 -0.9888687924993088 -8.725245204966419E-05 0.001941007944776072 8.153212389485583E-06 -0.9982747381734706 -5.659282956574081E-05
0.01669656052578171 -0.9888696142749102 -0.0001570447998907697 0.001940419957235625 1.468678961132681E-05 -0.9982719735053863 -0.0001018644330804362
0.03005490894640708 -0.9888722757638285 -0.0002825745822439236 0.001938515159508428 2.649570946596145E-05 -0.9982630179169313 -0.0001833080383401771
0.05409993610353275 -0.9888808867376537 -0.0005079660933701031 0.001932347352792525 4.803380315057342E-05 -0.9982340257698977 -0.0003296425921518256
0.09738098498635897 -0.9889086560716135 -0.0009103997887330231 0.001912404255424684 8.84338580449681E-05 -0.9981403482151054 -0.0005915083394424618
0.1752868729754462 -0.9889972697030694 -0.001615838190639733 0.001848215731747043 0.0001704193963108957 -0.997839505240138 -0.001053958436282948
0.2752868729754462 -0.9891784893275727 -0.002462512897594896 0.001714209968914225 0.0003030475858674687 -0.9972144740756381 -0.001619793111220721
0.3752868729754462 -0.9894245691709913 -0.003212601106620255 0.001525791569484237 0.000476538223035774 -0.9963416218149189 -0.002139629630424271
0.4752868729754461 -0.9897199867529956 -0.003836949271329143 0.00128831795609729 0.0006953179846199886 -0.9952490937469471 -0.002598475050138378
0.5752868729754461 -0.9900464817653691 -0.004311120699962541 0.001008604701755718 0.0009558658964839364 -0.993968687126107 -0.002982080730259753
0.6752868729754461 -0.9903843896003343 -0.004615862341324966 0.0006948804216722168 0.001245933941613926 -0.9925338765801677 -0.003276301956249911
0.7752868729754461 -0.9907140784874165 -0.004737292185926453 0.0003568197370908565 0.001543836192311279 -0.9909790763937351 -0.0034662011035617
0.8752868729754461 -0.9910174736550844 -0.004666951620942648 5.670933275651196E-06 0.001817632689691769 -0.9893407441311609 -0.003535095666970659
0.975286872975446 -0.9912796636956248 -0.004401931345821 -0.0003455337085589486 0.002024566693790959 -0.987660998475881 -0.003463949382901997
1.07323004103162 -0.9914867440731413 -0.003956614585050693 -0.0006751009925436821 0.002111913309254632 -0.9860280248118688 -0.003238449427807918
1.163906544959245 -0.9916311772907471 -0.003388695967302667 -0.0009534849832984759 0.002044283370212301 -0.9845889434491258 -0.002876014615661057
1.249205583482064 -0.991727073400832 -0.002730446020425145 -0.001179152689886042 0.00181666954694475 -0.9833698630579556 -0.002391910120882044
1.330818161799611 -0.9917870390272765 -0.002004669066224442 -0.001351084618412947 0.00143662798949253 -0.9824021034977654 -0.001801725897523188
1.409210041904844 -0.9918208574189562 -0.001239257030064572 -0.001466717657140508 0.0009335848958718581 -0.9817290328762103 -0.001134076287716309
1.483914465650177 -0.9918360268416352 -0.0004697076866739092 -0.001525565209820717 0.0003629700390469936 -0.9813788691561512 -0.0004339192460949075
1.556433967182424 -0.9918374890150526 0.0002919221979774318 -0.001531538509606345 -0.0002261687716793843 -0.9813430218479887 0.0002699410713124697
1.630018801185892 -0.9918259132018012 0.001055621611298907 -0.001485743026140713 -0.0008018111912307302 -0.9816164117469354 0.0009689609252417039
1.702929027256059 -0.9917994034243233 0.001780536189127062 -0.001391311574065496 -0.001298363690594087 -0.9821701130895886 0.0016102369612734
1.777162760927866 -0.9917531649890776 0.002465207847287519 -0.001249978846708686 -0.001691188152415466 -0.9829756673460327 0.002182125447128035
1.856396095226347 -0.9916773222503683 0.003116896600846637 -0.001056450689343485 -0.001966435086526733 -0.9840392678811298 0.002683118563445669
1.941997753808671 -0.9915594419662926 0.003710898028694384 -0.0008083825114565216 -0.00210090303070436 -0.9853469432137533 0.003089379021004974
2.027785713988458 -0.9914008226705796 0.004177562574700466 -0.0005308199365368797 -0.002090514342429331 -0.9867510613749207 0.003359390358193141
2.115535464011755 -0.9911971483824569 0.004512354157295629 -0.000228742101911712 -0.0019657596208786 -0.988225395734835 0.003504657784780766
2.206630793615766 -0.9909461527057477 0.004702295310458609 9.259496227737087E-05 -0.001754648817847485 -0.9897493924365705 0.003530360954454062
2.303199629735045 -0.9906459069773024 0.004727384589463485 0.0004298814702596889 -0.00148154571617314 -0.9913164684702148 0.003435501578345827
2.403199629735045 -0.990312893862076 0.004566259597778789 0.000763673087309146 -0.001182995029375297 -0.9928488052186495 0.003222198133334073
2.503199629735045 -0.9899757404886147 0.004224310286675016 0.001070954689241017 -0.0008976964824426959 -0.9942537668878488 0.002907849936221473
2.603199629735045 -0.9896542098248727 0.003716561907538417 0.001342365154722783 -0.00064527292963973 -0.9954971585768744 0.002507145006638767
2.703199629735045 -0.989367786098607 0.003063388142035735 0.001569974741188469 -0.0004360680760752153 -0.9965457486291552 0.002034181625807303
2.803199629735045 -0.9891342570537687 0.002290274523769035 0.001747270681756436 -0.0002718466130038559 -0.9973683175592076 0.001503323693823683
2.903199629735045 -0.9889684081565185 0.001427279909110513 0.001869215110902444 -0.0001466331472040067 -0.9979378170185937 0.0009297705578331787
3.003199629735045 -0.9888808948208665 0.0005081304471425741 0.001932341559325663 -4.804972441547264E-05 -0.9982339985421845 0.0003297493633956735
3.103199629735045 -0.9888773927385344 -0.0004310427795575003 0.001934850936961437 4.06206119877955E-05 -0.9982457928439276 -0.000279681611156303

1.1E-06 -0.9888512899149312 -1.008352170354331E-08 0.001458786136604609 8.649668281349731E-10 -0.9980181278272285 -5.094516818596034E-09
3.08E-06 -0.9888512899149658 -2.823386076976548E-08 0.001458786136585443 2.421907550768095E-09 -0.9980181278271113 -1.426464786649277E-08
6.644E-06 -0.9888512899151112 -6.09044710876571E-08 0.00145878613650519 5.22440085220529E-09 -0.9980181278266207 -3.077088375222398E-08
1.30592E-05 -0.9888512899156409 -1.197115696509413E-07 0.001458786136212487 1.026888879953961E-08 -0.998018127824831 -6.04821083432475E-08
2.460656E-05 -0.9888512899174634 -2.25564347008639E-07 0.001458786135205301 1.934896713467305E-08 -0.9980181278186728 -1.139623125863398E-07
4.5391808E-05 -0.98885128992356 -4.160993459110966E-07 0.001458786131836127 3.569310831970564E-08 -0.9980181277980733 -2.102266800978842E-07
8.28052544E-05 -0.9888512899436577 -7.590623419005533E-07 0.001458786120729398 6.511256353638597E-08 -0.9980181277301657 -3.835025408674767E-07
0.00015014945792 -0.988851290009395 -1.376395722671283E-06 0.001458786084400513 1.18067589322002E-07 -0.9980181275080474 -6.953990858192464E-07
0.000271369024256 -0.9888512902235013 -2.487595737553243E-06 0.001458785966077371 2.133866732809894E-07 -0.9980181267846083 -1.256812840705967E-06
0.0004895642436608 -0.9888512909192171 -4.487755351658817E-06 0.001458785581598812 3.849612441647188E-07 -0.9980181244338694 -2.267357447163945E-06
0.0008823156385894401 -0.9888512931769561 -8.088040245444978E-06 0.001458784333887616 6.937967559589846E-07 -0.9980181168052431 -4.086336848564879E-06
0.001589268149460992 -0.988851300498538 -1.456853897410335E-05 0.001458780287704015 1.249708175003874E-06 -0.9980180920664929 -7.360494573513848E-06
0.002861782669029786 -0.9888513242320961 -2.623335451953667E-05 0.001458767171610001 2.250392483306044E-06 -0.9980180118735053 -1.325394814746254E-05
0.005152308804253615 -0.988851401148906 -4.722954314665269E-05 0.001458724664045175 4.051879493499723E-06 -0.998017751978978 -2.386198763059594E-05
0.009275255847656507 -0.9888516503865272 -8.501988660315283E-05 0.001458586921144345 7.296044933022301E-06 -0.9980169098143254 -4.295542654960046E-05
0.01669656052578171 -0.9888524578709218 -0.0001530261974940063 0.00145814062377778 1.314422434004745E-05 -0.9980141812010482 -7.731759681493773E-05
0.03005490894640708 -0.988855073047912 -0.000275342467772882 0.001456694840301585 2.372154158298835E-05 -0.9980053425058366 -0.000139134400461497
0.05409993610353275 -0.9888635339021185 -0.000494957564703154 0.001452013402116869 4.305503619478641E-05 -0.99797672983796 -0.0002502000458764189
0.09738098498635897 -0.9888908161737981 -0.0008870399862913093 0.001436877015470796 7.955770514522254E-05 -0.9978842894796195 -0.0004489272994432814
0.1752868729754462 -0.9889778452111193 -0.001574118813589153 0.001388166131034958 0.000154927393220652 -0.9975875338260085 -0.0007997340889232044
0.2752868729754462 -0.9891556769118099 -0.002398110253969238 0.001286506492925291 0.0002802222738746679 -0.9969715509561956 -0.001228535133553902
0.3752868729754462 -0.9893968249308485 -0.00312707253864275 0.001143645154403454 0.0004480523361741722 -0.9961125944629636 -0.001621784551050054
0.4752868729754461 -0.9896857806162325 -0.003732527062604242 0.0009637180877182058 0.0006629467323829752 -0.9950395419835097 -0.001968001882306906
0.5752868729754461 -0.9900043736494838 -0.004190782424134948 0.0007519734986540248 0.0009211877132074769 -0.9937849477175015 -0.002256364311434877
0.6752868729754461 -0.990333138770076 -0.004483390036200454 0.0005147280031152881 0.00121010632295399 -0.9923829847756424 -0.002476227330903816
0.7752868729754461 -0.9906527743997481 -0.004597309685867226 0.0002593810743256611 0.001507496004748044 -0.9908686279657232 -0.002616458914407293
0.8752868729754461 -0.9909456707575856 -0.004524929138860339 -5.500962210417431E-06 0.001780969562809066 -0.9892786341406894 -0.002664749938826135
0.975286872975446 -0.9911974960333563 -0.004264140085442738 -0.0002700425711096926 0.001987626341861821 -0.98765490586786 -0.002607206245229146
1.073896133420157 -0.9913963403445466 -0.003826152564133984 -0.000519532979711063 0.002075241974079479 -0.9860725730642601 -0.002432197769310085
1.165331623131296 -0.9915338729236574 -0.003268368770704646 -0.0007300626398380297 0.002006697284136544 -0.984682869752702 -0.002153346363199576
1.251452469369301 -0.9916241539806665 -0.002622522440023774 -0.000900298919466351 0.00177719350938443 -0.9835110956730511 -0.001782542971440231
1.334208719751657 -0.9916799171703089 -0.001908669370814038 -0.001029720822243544 0.001393558625019694 -0.9825846337279405 -0.001330399348250151
1.413929075376468 -0.9917107248172845 -0.00115497452921723 -0.001115831826224468 0.0008860878408217819 -0.9819482166152166 -0.0008192696204459392
1.489968234755289 -0.9917239533523012 -0.0003980339799189039 -0.001158012771851793 0.0003128698953246259 -0.9816299898385119 -0.0002848398370132649
1.564008052208526 -0.9917243214616838 0.0003516201672413327 -0.001159245717892715 -0.0002765830462309693 -0.981620620470399 0.0002516907348358211
1.63927145612035 -0.9917121305988041 0.001102442482696817 -0.001120134562622141 -0.0008478815178077466 -0.9819159579514004 0.0007827039928566528
1.713715617765257 -0.9916852046756112 0.00181125360377555 -0.001043545026584634 -0.001332991826612531 -0.9824836048697345 0.001265997497279985
1.789849396286621 -0.9916380993605108 0.002480440881897854 -0.0009303395638604716 -0.001710292822696637 -0.9832990257076533 0.001695647895878171
1.871659437093184 -0.9915599093725742 0.003116879569503052 -0.0007756504526331172 -0.001965142208376319 -0.9843737607135662 0.002070328737489541
1.959059844395082 -0.9914394070251673 0.003684082749731323 -0.0005810052703220708 -0.002072448098140149 -0.9856726905076877 0.002365791628492132
2.046246972916613 -0.9912782596701364 0.004120289952634472 -0.0003657137481664767 -0.002036975199640069 -0.9870550877324559 0.002556024857146332
2.135800309995828 -0.9910710828410748 0.004424498406188634 -0.0001318202794408044 -0.001890445661462286 -0.9885089048399799 0.002651530217062514
2.228824535785921 -0.9908166140690876 0.004581257703160156 0.0001157084496741835 -0.00166189498459516 -0.9900095874255046 0.002655009242641478
2.327724658092314 -0.9905130424574268 0.004569357108262806 0.0003745703054749002 -0.001376122741599032 -0.9915531884591011 0.002564725283755564
2.427724658092314 -0.9901870390772683 0.004374767333154417 0.0006228585078545922 -0.001079119200769509 -0.9930219821316872 0.002387670981625763
2.527724658092314 -0.9898603672102526 0.004006614366942805 0.0008496195599082333 -0.000801673234101617 -0.9943627259067671 0.002136038651649156
2.627724658092314 -0.9895525858525052 0.003480348958000271 0.001047941376470685 -0.0005616764648665001 -0.9955408023974814 0.001820655051642914
2.727724658092314 -0.989282760330379 0.002816784564041231 0.001211980022059602 -0.0003677483026357985 -0.9965225703496801 0.001452170007432442
2.827724658092314 -0.9890680396145287 0.002041817238951102 0.001336973449324687 -0.0002198345055865624 -0.9972768025795454 0.001041654492089351
2.927724658092314 -0.9889223481286896 0.001185810589989211 0.001419304105690828 -0.0001100817628811324 -0.9977771054226835 0.0006009639900015244
3.027724658092315 -0.9888552751157874 0.0002825949221769636 0.001456583104867217 -2.435198905671337E-05 -0.9980046594618585 0.0001428004065653475
3.127724658092315 -0.9888712744521059 -0.0006318890444425991 0.001447725263205187 5.544961838929881E-05 -0.9979505303050269 -0.0003195253695530743

1.1E-06 -0.9888358131255296 -9.807621258655678E-09 0.0007145138601972708 7.574529211712111E-10 -0.9977518324515656 -2.52107142882081E-09
3.08E-06 -0.9888358131255636 -2.746133952408227E-08 0.0007145138601877865 2.120869097318636E-09 -0.99775183245145 -7.059000010755783E-09
6.644E-06 -0.9888358131257061 -5.923803240056204E-08 0.0007145138601480724 4.575018215112594E-09 -0.9977518324509664 -1.522727145799451E-08
1.30592E-05 -0.9888358131262261 -1.164360795694411E-07 0.0007145138600032253 8.992486632102183E-09 -0.9977518324492025 -2.993016006135897E-08
2.460656E-05 -0.9888358131280153 -2.193925644180672E-07 0.0007145138595048094 1.694392981393252E-08 -0.9977518324431327 -5.639535953692282E-08
4.5391808E-05 -0.9888358131340004 -4.047142368094028E-07 0.0007145138578375406 3.12565277310427E-08 -0.9977518324228287 -1.040327185292128E-07
8.28052544E-05 -0.988835813153731 -7.382932451098569E-07 0.000714513852341268 5.701920511317052E-08 -0.997751832355895 -1.897799643354949E-07
0.00015014945792 -0.9888358132182675 -1.338735448223401E-06 0.0007145138343635656 1.033920310780824E-07 -0.9977518321369625 -3.441250045450004E-07
0.000271369024256 -0.9888358134284631 -2.41953134439687E-06 0.0007145137758102073 1.868631570123042E-07 -0.9977518314239002 -6.219460637617914E-07
0.0004895642436608 -0.9888358141114708 -4.364963551116172E-06 0.0007145135855472514 3.371114131232362E-07 -0.9977518291068794 -1.122023893322069E-06
0.0008823156385894401 -0.9888358163279696 -7.866739148358558E-06 0.0007145129681052281 6.075596148475619E-07 -0.9977518215876761 -2.022163536387943E-06
0.001589268149460992 -0.9888358235158147 -1.416992135781247E-05 0.0007145109658119357 1.094374205763008E-06 -0.9977517972037718 -3.642412265747312E-06
0.002861782669029786 -0.9888358468158502 -2.551556842085173E-05 0.0007145044751855517 1.970686149137374E-06 -0.9977517181610596 -6.558844641708362E-06
0.005152308804253615 -0.9888359223276567 -4.593726108491508E-05 0.000714483439907348 3.548314136710494E-06 -0.9977514619945085 -1.180833344350215E-05
0.009275255847656507 -0.9888361670123144 -8.26935544215267E-05 0.0007144152765333074 6.389598859714391E-06 -0.9977506319109785 -2.125689137928029E-05
0.01669656052578171 -0.9888369597432485 -0.0001488388236685894 0.0007141944223668494 1.151297503319245E-05 -0.99774794245055 -3.82612517655104E-05
0.03005490894640708 -0.9888395271104004 -0.0002678066691823338 0.0007134789668393839 2.078787244509022E-05 -0.9977392306867843 -6.88513509668097E-05
0.05409993610353275 -0.9888478329902061 -0.0004814030675714331 0.0007111623587298094 3.778995051421384E-05 -0.9977110300233827 -0.0001238100783081964
0.09738098498635897 -0.9888746124557936 -0.0008627013611472263 0.0007036724634748785 7.017072122053127E-05 -0.9976199322491135 -0.0002221337088299452
0.1752868729754462 -0.9889600057697896 -0.001530660478142958 0.000679572522713092 0.0001385414065250013 -0.9973276053128349 -0.0003956280698997342
0.2752868729754462 -0.9891343408309268 -0.002331052952013662 0.0006292932493973051 0.0002560705782930986 -0.9967213933477469 -0.0006074730037004491
0.3752868729754462 -0.9893704006956751 -0.003038074867301342 0.000558675791129954 0.0004178901034425839 -0.9958773677297162 -0.0008013981418775821
0.4752868729754461 -0.9896526940129557 -0.003623957593671621 0.0004698023892346612 0.000628632650020657 -0.9948251193545251 -0.0009716732754928458
0.5752868729754461 -0.9899631478384785 -0.004065786790332143 0.0003653081751986956 0.0008843727607158954 -0.9935979230829085 -0.001112942257274998
0.6752868729754461 -0.9902825079103619 -0.004345944469128931 0.0002483544907538148 0.00117200601705284 -0.9922305924241529 -0.001219988591736384
0.7752868729754461 -0.9905918179581846 -0.004452249922654426 0.0001226306187842612 0.001468796261557887 -0.9907585785613214 -0.001287412586443114
0.8752868729754461 -0.9908739498267169 -0.004377943502091262 -7.611137105553455E-06 0.001741913043291122 -0.9892188232922613 -0.001309305437763919
0.975286872975446 -0.9911151666603715 -0.004121709442863161 -0.0001374935335608162 0.001948331515808218 -0.987652867240317 -0.001279072479572835
1.074641483234182 -0.9913055745100469 -0.003691332197437412 -0.0002606853785741991 0.002036367455218866 -0.9861222824850485 -0.00119047383197492
1.166876330570077 -0.9914359533260836 -0.003144284253631948 -0.0003644779235792753 0.001966973559325118 -0.9847834752376853 -0.001050546850786432
1.253847837029502 -0.9915204133697555 -0.002511695645869898 -0.0004481661188492573 0.001735687851210021 -0.9836603748412023 -0.0008653426730682182
1.337835195929753 -0.9915718456975667 -0.001810430142462417 -0.0005116591847369097 0.001348370015360359 -0.9827759574769894 -0.0006393435771011047
1.419026554531275 -0.9915995918017175 -0.001068780185194832 -0.000553408033762277 0.0008360621428118547 -0.9821765604578837 -0.0003838947162449297
1.496589080150351 -0.9916108986480411 -0.0003243601330880347 -0.0005729470411836323 0.0002596281385741815 -0.9818906244862124 -0.0001174604208928537
1.572330002618161 -0.9916102241944325 0.0004131088500526699 -0.0005717270222935208 -0.0003301915823418252 -0.9819085846038659 0.0001495222375919764
1.649361335362694 -0.9915974977866614 0.00114966812783438 -0.0005499809374543797 -0.0008957217215044216 -0.9822263457223323 0.0004123645418414076
1.725540960268199 -0.991570163084123 0.001841996067971462 -0.0005093412817012958 -0.001368142125989863 -0.9828087990642027 0.0006498894602424499
1.803861245119541 -0.9915220117271206 0.002495387940284166 -0.0004499533120744199 -0.001728067028977087 -0.9836358903617211 0.0008603074377116492
1.888696370259931 -0.9914408632285053 0.003116160024683441 -0.0003688820160225 -0.001959682592193885 -0.9847254370935791 0.001042780366636408
1.977836806444693 -0.9913175179934156 0.00365303835063886 -0.0002693457260706719 -0.002036755953367879 -0.9860125150357439 0.001181478615302232
2.066704484056932 -0.9911530283451767 0.004057308744843825 -0.0001601486499309684 -0.001974232403599108 -0.9873752619888602 0.001267698042547494
2.158285714083483 -0.9909415812086824 0.004328307561728212 -4.189905574194439E-05 -0.001804434185695053 -0.9888090839059966 0.001306705570137608
2.253496655135955 -0.9906828992572408 0.004448702593552169 8.252812237946804E-05 -0.001557797469291382 -0.990286739132057 0.001299362232112519
2.353496655135956 -0.9903803092387251 0.004397910536074547 0.000210134956721893 -0.001264352456549464 -0.9917838318216595 0.001245388561111205
2.453496655135956 -0.9900620918705033 0.004170592979429994 0.0003302269712992841 -0.0009709867508812547 -0.9931874365725266 0.001150028554737123
2.553496655135956 -0.9897468024712989 0.003777246014379331 0.0004389456379012602 -0.0007035185652607963 -0.9944618268193244 0.001018807926609648
2.653496655135956 -0.9894537637751567 0.003233806652719962 0.0005329676929710181 -0.0004779890045056454 -0.9955719671383483 0.0008569632019450956
2.753496655135956 -0.9892015692892074 0.00256157847783844 0.0006094931879940461 -0.0003011171525964752 -0.9964839238604288 0.0006697767723875593
2.853496655135956 -0.9890066532191971 0.00178689502003484 0.0006662643589936364 -0.0001708311596343414 -0.9971666824280537 0.0004628455433943914
2.953496655135956 -0.9888819830194885 0.0009404163208678297 0.0007016053955648156 -7.722960734633826E-05 -0.9975948119706574 0.0002422225808217806
3.053496655135956 -0.9888359755541722 5.602453114512009E-05 0.0007144686125559525 -4.327796420270993E-06 -0.99775128142863 1.440133449902578E-05
3.153496655135956 -0.9888717615476613 -0.0008306289295085293 0.0007044713460326981 6.731028000587251E-05 -0.9976296431786069 -0.0002138487977716435

1.1E-06 -0.9888827366422804 -9.220689675390477E-09 -1.839640887504109E-31 7.955186806733721E-10 -0.9972651818017124 2.150527780221181E-30
3.08E-06 -0.9888827366423122 -2.581793109094785E-08 -1.839598307042346E-31 2.227450202360357E-09 -0.9972651818016027 2.150528963526039E-30
6.644E-06 -0.988882736642445 -5.569296563773325E-08 -1.839521662152131E-31 4.804926942057335E-09 -0.9972651818011433 2.150531093405764E-30
1.30592E-05 -0.9888827366429291 -1.094680278136401E-07 -1.83938370115846E-31 9.444385078012825E-09 -0.997265181799468 2.150534926965641E-30
2.460656E-05 -0.9888827366445948 -2.062631396779345E-07 -1.839135370750143E-31 1.77954097511039E-08 -0.9972651817937032 2.150541826648865E-30
4.5391808E-05 -0.9888827366501666 -3.804943407157988E-07 -1.838688374007618E-31 3.282725433500984E-08 -0.9972651817744191 2.150554243731104E-30
8.28052544E-05 -0.9888827366685347 -6.941105006892632E-07 -1.837883773368362E-31 5.988457561334728E-08 -0.997265181710848 2.150576586872982E-30
0.00015014945792 -0.9888827367286144 -1.25861957745906E-06 -1.836435471159235E-31 1.085877599774288E-07 -0.9972651815029137 2.150616779884165E-30
0.000271369024256 -0.988882736924294 -2.274735849999191E-06 -1.833828459013521E-31 1.962535274255461E-07 -0.9972651808256715 2.150689047455544E-30
0.0004895642436608 -0.988882737560134 -4.103744756335084E-06 -1.829135616633535E-31 3.540521171638354E-07 -0.997265178625045 2.150818870365067E-30
0.0008823156385894401 -0.9888827396235637 -7.395958542364703E-06 -1.820687787918075E-31 6.38090796127297E-07 -0.9972651714835646 2.151051713300342E-30
0.001589268149460992 -0.9888827463150233 -1.332193024758954E-05 -1.805479399884845E-31 1.14936752624674E-06 -0.9972651483245724 2.151468114181031E-30
0.002861782669029786 -0.9888827680059814 -2.398860281445972E-05 -1.778096930868339E-31 2.069707119589262E-06 -0.9972650732525242 2.152208832855269E-30
0.005152308804253615 -0.9888828383030155 -4.318816712159543E-05 -1.728785012075394E-31 3.726560371261363E-06 -0.9972648299543198 2.153513594858364E-30
0.009275255847656507 -0.9888830660899757 -7.774477953392883E-05 -1.639949869919926E-31 6.710307633275372E-06 -0.9972640415691441 2.155769665942116E-30
0.01669656052578171 -0.9888838040755227 -0.0001399314986267258 -1.47982169384311E-31 1.208928285353231E-05 -0.9972614872076355 2.159530566577213E-30
0.03005490894640708 -0.9888861941410381 -0.0002517790587614154 -1.190943015050853E-31 2.181940036152484E-05 -0.997253213025588 2.165326339317088E-30
0.05409993610353275 -0.9888939264061111 -0.000452588690301623 -6.693342458110663E-32 3.961260117376171E-05 -0.9972264284951338 2.172594660337779E-30
0.09738098498635897 -0.9889188563088438 -0.0008110438030132141 2.720701776213894E-32 7.325363228191908E-05 -0.9971399016846251 2.175390053962617E-30
0.1752868729754462 -0.9889983503137596 -0.001438885073958822 1.958567210321126E-31 0.0001429585905570508 -0.9968622072713241 2.147038483237533E-30
0.2752868729754462 -0.9891606337114411 -0.002190873578345793 4.062007959433145E-31 0.0002594018010317895 -0.9962861914019234 2.048258099112691E-30
0.3752868729754462 -0.9893803556607806 -0.002854530866763181 6.032297502214334E-31 0.0004158221565133945 -0.9954839731756148 1.881159390320979E-30
0.4752868729754461 -0.9896430804692192 -0.003403555193816584 7.80256608109724E-31 0.0006160327570311797 -0.9944837076740413 1.648806367705135E-30
0.5752868729754461 -0.9899319828758015 -0.003816246104391326 9.309455617703495E-31 0.0008557678601836795 -0.9933174104810162 1.355110262223978E-30
0.6752868729754461 -0.9902291753584995 -0.004075962097610898 1.049385410811116E-30 0.001122073802070959 -0.9920190678117862 1.004640270583794E-30
0.7752868729754461 -0.99051711263739 -0.004171304973295461 1.130157460446239E-30 0.00139295840687367 -0.9906238821878098 6.027269848789965E-31
0.8752868729754461 -0.9907800335743828 -0.00409616192798917 1.168434912024439E-30 0.001637212110729504 -0.9891691023803491 1.560169111165269E-31
0.975286872975446 -0.99100540218134 -0.003849781229591748 1.160167566955576E-30 0.001814818835683171 -0.9876968079491315 -3.263464039584353E-31
1.075286872975446 -0.9911852482673145 -0.003437090375132499 1.102422116111851E-30 0.001879200555679384 -0.9862587504766909 -8.307817196934298E-31
1.169733851315684 -0.9913110556576289 -0.002904751837416735 1.001296751301E-30 0.001793702733330598 -0.9849925348927177 -1.309042528528729E-30
1.25900060906979 -0.9913929628985749 -0.002288699205647701 8.649583038187051E-31 0.001554489228143621 -0.9839447551544048 -1.740001926696022E-30
1.345566754549621 -0.9914430753418254 -0.001604878334481381 6.977925055193872E-31 0.001169446978962654 -0.9831368413100838 -2.112345901034461E-30
1.429725675817206 -0.9914698251861757 -0.000880503188508581 5.071429440000463E-31 0.0006706506331782069 -0.9826124627146909 -2.404789587276915E-30
1.509851268917134 -0.9914795018891073 -0.0001597733072788373 3.061108319045423E-31 0.0001238795815864905 -0.982398081054262 -2.597774851919199E-30
1.588886923853643 -0.9914759277813484 0.0005566453818283069 9.639706187280406E-32 -0.0004287067719156009 -0.9824791334032514 -2.692547711704949E-30
1.669225117891782 -0.9914581819624297 0.00126573828132797 -1.203796970745062E-31 -0.0009449365925287481 -0.9828514662366471 -2.687131369860346E-30
1.749098690569845 -0.9914232401738611 0.001928439704003436 -3.315530107585635E-31 -0.001364507344760323 -0.9834782877067427 -2.585459054601531E-30
1.832007905802183 -0.9913638410249633 0.002550191863106 -5.38458575260655E-31 -0.001670865438057683 -0.9843468526691457 -2.392248402426562E-30
1.92274276089224 -0.9912660177910434 0.003132422369723529 -7.428189705391949E-31 -0.001847135266402408 -0.9854815538887043 -2.100290537203324E-30
2.015003794317563 -0.9911270282156261 0.003601726051018755 -9.204466407322283E-31 -0.001872390286138908 -0.9867603738365941 -1.741924111711207E-30
2.107798273198529 -0.9909461758577748 0.003936465272749771 -1.063750788911685E-30 -0.001774077527149301 -0.9881112331803413 -1.341743185029432E-30
2.203501977416388 -0.9907201574102995 0.004129778297541731 -1.171458983456881E-30 -0.001583214356666309 -0.9895203642398089 -9.067572556608872E-31
2.303501977416388 -0.990449967487752 0.004163870165793471 -1.239041039291274E-30 -0.001329263289107194 -0.9909644714286561 -4.448423378153922E-31
2.403501977416388 -0.9901582912762114 0.004028455670685559 -1.26063390914476E-30 -0.001056980831233283 -0.9923397749623665 1.096217384201591E-32
2.503501977416388 -0.9898614487290609 0.00373091417747815 -1.237432472549659E-30 -0.0007953736534272273 -0.993609690391872 4.492959740277945E-31
2.603501977416388 -0.9895771972632004 0.003283904607916556 -1.171689300220163E-30 -0.0005642471998655565 -0.9947393152776257 8.60215297106591E-31
2.703501977416388 -0.9893232960505932 0.002705303754795578 -1.066610423366579E-30 -0.0003744393668684912 -0.9956950154697447 1.234519087929204E-30
2.803501977416389 -0.9891161154371895 0.002017966637638589 -9.262971777821042E-31 -0.0002282126602960412 -0.9964454947459706 1.563489693395106E-30
2.903501977416389 -0.9889693372846662 0.001249189812706656 -7.556965244510695E-31 -0.0001199663489726512 -0.9969638796828607 1.838967443860199E-30
3.003501977416389 -0.9888928264280958 0.0004298168105001468 -5.605314527914354E-31 -3.756665643600799E-05 -0.9972302403249954 2.05365454886131E-30
3.103501977416389 -0.9888917817599602 -0.0004070017075950883 -3.471949988964476E-31 3.552506467334526E-05 -0.9972338600202947 2.201514442748483E-30

1.1E-06 -0.9889657520954239 -8.4353193900108E-09 4.623594690120137E-31 8.917029051185353E-10 -0.9966342242681483 3.764991847582647E-30
3.08E-06 -0.9889657520954523 -2.361889429189689E-08 4.62366923692882E-31 2.496768160000409E-09 -0.9966342242680468 3.764988827629715E-30
6.644E-06 -0.9889657520955711 -5.094932911417388E-08 4.623803421033767E-31 5.38588561933316E-09 -0.9966342242676224 3.764983391591738E-30
1.30592E-05 -0.9889657520960046 -1.001441117866524E-07 4.624044951934434E-31 1.058629704984639E-08 -0.996634224266075 3.764973606325829E-30
2.460656E-05 -0.9889657520974959 -1.886947205491024E-07 4.624479705973656E-31 1.994703764817151E-08 -0.99663422426075 3.764955991559139E-30
4.5391808E-05 -0.9889657521024847 -3.480858160299224E-07 4.625262258118106E-31 3.679637086729673E-08 -0.9966342242429372 3.764924280805817E-30
8.28052544E-05 -0.9889657521189309 -6.349897861572984E-07 4.62667083536624E-31 6.712517150897964E-08 -0.9966342241842164 3.764867187928531E-30
0.00015014945792 -0.9889657521727243 -1.151416922128375E-06 4.629206220572078E-31 1.2171701766436E-07 -0.9966342239921474 3.764764376941055E-30
0.000271369024256 -0.9889657523479292 -2.080985706656493E-06 4.633769739391455E-31 2.199823700982924E-07 -0.996634223366579 3.764579175228485E-30
0.0004895642436608 -0.988965752917239 -3.754209166328477E-06 4.641983507097176E-31 3.968601762958597E-07 -0.9966342213338603 3.764245352299259E-30
0.0008823156385894401 -0.9889657547647647 -6.766009333946455E-06 4.656766450943405E-31 7.152412315009405E-07 -0.9966342147372748 3.763642981258946E-30
0.001589268149460992 -0.9889657607560733 -1.218723760955944E-05 4.683369773466369E-31 1.288332993005471E-06 -0.9966341933453122 3.762553887329857E-30
0.002861782669029786 -0.9889657801774306 -2.194537832616397E-05 4.731236266849223E-31 2.319932372595417E-06 -0.9966341240012501 3.760577886466223E-30
0.005152308804253615 -0.988965843119051 -3.950962219110999E-05 4.817332095899666E-31 4.177010825721788E-06 -0.9966338992665871 3.756970465127901E-30
0.009275255847656507 -0.988966047072008 -7.112287297477624E-05 4.97209348546199E-31 7.520916062055903E-06 -0.9966331710340469 3.750313259535818E-30
0.01669656052578171 -0.9889667078411387 -0.0001280127960056228 5.249955558670614E-31 1.354673301997415E-05 -0.996630811558276 3.7378003857947E-30
0.03005490894640708 -0.9889688478427446 -0.0002303334398127669 5.747669752552762E-31 2.443275759155804E-05 -0.9966231685701947 3.713566168641887E-30
0.05409993610353275 -0.9889757712329914 -0.000414037251279641 6.634832549396842E-31 4.425766244956234E-05 -0.996598426380746 3.664437350381256E-30
0.09738098498635897 -0.9889980945040333 -0.0007419497091737384 8.198702255079254E-31 8.127244426557109E-05 -0.9965184878862913 3.558400826571289E-30
0.1752868729754462 -0.9890692900262233 -0.001316244670863044 1.087951978826679E-30 0.0001554355203904976 -0.9962618433448894 3.312146111647142E-30
0.2752868729754462 -0.9892146966232652 -0.002003909482088164 1.399321019272002E-30 0.0002727779604378967 -0.9957290663040596 2.897463221277439E-30
0.3752868729754462 -0.9894117129682288 -0.002610386742686476 1.664075687193977E-30 0.0004227146623965563 -0.9949862517837055 2.381771706516476E-30
0.4752868729754461 -0.9896475310582966 -0.003111371497358802 1.872716448646826E-30 0.0006077774745977519 -0.9940590720102601 1.777358800741674E-30
0.5752868729754461 -0.9899072136416099 -0.003486741771954583 2.017045588756316E-30 0.0008233543777634538 -0.9929772759172341 1.097934953062374E-30
0.6752868729754461 -0.990174886009408 -0.003721039972500177 2.09030501899832E-30 0.001057104123815794 -0.9917732026307006 3.586204114767613E-31
0.7752868729754461 -0.9904350035500055 -0.003803726464574364 2.087338566437048E-30 0.001288728745536985 -0.9904812499176654 -4.235254559553783E-31
0.8752868729754461 -0.9906736428379544 -0.003729314892310136 2.004840093152292E-30 0.001490129207473084 -0.9891386576869887 -1.22830000576424E-30
0.975286872975446 -0.9908797556263902 -0.003497533392287644 1.841758016711791E-30 0.00162638069827375 -0.9877878156038444 -2.030441679186244E-30
1.075286872975446 -0.9910462680131427 -0.003113669750192223 1.599919298416368E-30 0.00165855992500453 -0.9864799341834879 -2.797232800329575E-30
1.172559821184058 -0.9911679406541068 -0.002605241194974147 1.294369683813241E-30 0.001555054230652509 -0.9853096739979863 -3.469138742326219E-30
1.265350434654262 -0.9912487679308333 -0.002011799976237477 9.46890245266969E-31 0.001311624880509167 -0.9843533944175534 -3.998411138870921E-30
1.355559155560611 -0.9912985733217525 -0.001353329200694843 5.683952454526942E-31 0.0009399158726607024 -0.9836404921802656 -4.365506539347333E-30
1.443205945025683 -0.9913244603443211 -0.0006599313029953224 1.764325375475379E-31 0.0004756745730767189 -0.983210573750889 -4.547617069409117E-30
1.526810568486871 -0.9913317705227161 2.631255865950558E-05 -2.047435522549878E-31 -1.917971471137385E-05 -0.9830791058534848 -4.540730810549119E-30
1.61042852720429 -0.9913232338280862 0.0007117068027499595 -5.778637143253525E-31 -0.000512047984660847 -0.9832321487592751 -4.354475456134759E-30
1.695050019239319 -0.9912971660321563 0.00137905683526248 -9.323714325103215E-31 -0.0009559472782224384 -0.9836624899913605 -3.998121129116851E-30
1.779923763570757 -0.9912501407280706 0.001998194757502499 -1.251449548084756E-30 -0.001304881699508841 -0.9843352986750119 -3.500276246455173E-30
1.868830531538843 -0.9911740199173329 0.002570735547289841 -1.535222297975465E-30 -0.001543991872342761 -0.9852439850437965 -2.867958123870576E-30
1.964589621924171 -0.9910568742294211 0.003079642722924686 -1.773932735572676E-30 -0.001655760762489142 -0.9863869253203493 -2.107961026876955E-30
2.061024342730411 -0.990899973391566 0.003462818087253259 -1.938645748257476E-30 -0.001635676305039089 -0.9876416985915589 -1.305198398657284E-30
2.158823915433636 -0.9907027647877017 0.00370779456073519 -2.026324538966843E-30 -0.001512555739359658 -0.9889607174855621 -4.903182169694142E-31
2.258823915433636 -0.9904678427079511 0.003802974150208342 -2.034784492316512E-30 -0.00131759398635034 -0.9903069595290563 3.14258548112508E-31
2.358823915433636 -0.9902098014044998 0.003740717601382375 -1.965183608645368E-30 -0.001088174187846306 -0.9916077683026479 1.067686160673581E-30
2.458823915433636 -0.9899422564499837 0.003525837991083789 -1.82352479847513E-30 -0.0008533741618343136 -0.9928253925867339 1.752892395120462E-30
2.558823915433636 -0.9896806131193934 0.003168217980911727 -1.617342102573861E-30 -0.0006345363031681679 -0.9939251376015392 2.356054255453134E-30
2.658823915433636 -0.9894407760660958 0.002682679898528476 -1.355443418597684E-30 -0.0004450405924903854 -0.9948743886729694 2.865381535393974E-30
2.758823915433636 -0.9892378758780883 0.002088754818215664 -1.047736649946711E-30 -0.0002904897513835021 -0.9956429881710452 3.270635646815531E-30
2.858823915433637 -0.9890850638636567 0.001410235773119297 -7.050751093762346E-31 -0.0001692403042658452 -0.9962046210620371 3.563191612185721E-30
2.958823915433637 -0.9889924415925374 0.0006744460664459819 -3.390783547654881E-31 -7.342519432131484E-05 -0.9965387541590485 3.736430718727709E-30
3.058823915433637 -0.9889662118190865 -8.878825500672226E-05 3.8093420674617E-32 9.390672032630862E-06 -0.996632582775806 3.786239018413203E-30

1.1E-06 -0.9890602902398393 -7.562891391339359E-09 4.576625166614563E-31 9.679536116838003E-10 -0.9959356460501364 2.219119746251897E-30
3.08E-06 -0.9890602902398641 -2.117609589563033E-08 4.576669105155418E-31 2.710270050028767E-09 -0.9959356460500445 2.21911670357013E-30
6.644E-06 -0.9890602902399679 -4.567986400234869E-08 4.576748194377135E-31 5.846439639474633E-09 -0.9959356460496598 2.219111226669336E-30
1.30592E-05 -0.9890602902403468 -8.978664658758744E-08 4.576890554484324E-31 1.149154490338036E-08 -0.9959356460482565 2.219101368009402E-30
2.460656E-05 -0.9890602902416507 -1.691788551978201E-07 4.577146801083444E-31 2.165273439669225E-08 -0.9959356460434274 2.219083621648764E-30
4.5391808E-05 -0.9890602902460122 -3.120848304338854E-07 4.577608039797565E-31 3.994287559565481E-08 -0.9959356460272736 2.21905167569591E-30
8.28052544E-05 -0.9890602902603901 -5.693155842949786E-07 4.578438252748774E-31 7.286513041546298E-08 -0.9959356459740215 2.218994164868883E-30
0.00015014945792 -0.9890602903074185 -1.032330932015322E-06 4.579932581831119E-31 1.321251929962896E-07 -0.9959356457998396 2.218890619098402E-30
0.000271369024256 -0.9890602904605899 -1.86575850373024E-06 4.582622198410549E-31 2.387933285671042E-07 -0.9959356452325296 2.218704151562431E-30
0.0004895642436608 -0.9890602909583038 -3.365927815680805E-06 4.587462938388601E-31 4.307961067811047E-07 -0.9959356433891153 2.218368234138105E-30
0.0008823156385894401 -0.9890602925734864 -6.066230723931448E-06 4.596174421805611E-31 7.764018917163854E-07 -0.9959356374068611 2.217762689126555E-30
0.001589268149460992 -0.9890602978113332 -1.092676513851648E-05 4.611849089957862E-31 1.398496882856326E-06 -0.9959356180071034 2.216669813488728E-30
0.002861782669029786 -0.9890603147902792 -1.967566394202693E-05 4.6400439720192E-31 2.518294583618787E-06 -0.9959355551209547 2.214693263468625E-30
0.005152308804253615 -0.9890603698164326 -3.542331341552958E-05 4.690731080891071E-31 4.534086306338546E-06 -0.995935351315446 2.211105129544768E-30
0.009275255847656507 -0.9890605481206175 -6.376693374985698E-05 4.781759041065537E-31 8.163420487381855E-06 -0.9959346909012919 2.204548335697368E-30
0.01669656052578171 -0.9890611257938293 -0.0001147729185012671 4.944918101877979E-31 1.470152288014593E-05 -0.9959325511503465 2.192429046490914E-30
0.03005490894640708 -0.9890629966899266 -0.0002065106161440363 5.236279711486129E-31 2.650099625768779E-05 -0.9959256198381394 2.169592758526602E-30
0.05409993610353275 -0.9890690496022363 -0.0003712125711076904 5.752707087769978E-31 4.791968195832999E-05 -0.9959031807519478 2.12521230494058E-30
0.09738098498635897 -0.9890885676235394 -0.0006651975840854005 6.653460496269597E-31 8.751121689312544E-05 -0.9958306753774845 2.034933644614569E-30
0.1752868729754462 -0.9891508313967906 -0.001180016973383127 8.165550231699589E-31 0.0001646470479960813 -0.9955978165663982 1.84017551962486E-30
0.2752868729754462 -0.9892780696037999 -0.001796260304220251 9.857661438037581E-31 0.000280825421909595 -0.9951140689428887 1.534088278269669E-30
0.3752868729754462 -0.9894506374252725 -0.002339317985426033 1.121523032033159E-30 0.0004219729485136836 -0.9944389681687358 1.172548761543569E-30
0.4752868729754461 -0.9896574803928372 -0.002787168466489116 1.218735413100102E-30 0.0005893294012772519 -0.9935956039050809 7.648265700656793E-31
0.5752868729754461 -0.9898856981055441 -0.003121527271655977 1.273289463828119E-30 0.0007780449759202817 -0.9926112794434436 3.211716139390596E-31
0.6752868729754461 -0.9901215822720693 -0.003328341436011277 1.282146982305358E-30 0.0009766775781009684 -0.9915163998161692 -1.471207970632462E-31
0.7752868729754461 -0.9903517229004721 -0.00339809984151835 1.24346472894936E-30 0.001167125486584004 -0.990344109385946 -6.273635340590127E-31
0.8752868729754461 -0.9905641215610622 -0.003326044420748007 1.156763540034673E-30 0.001325095441683484 -0.9891309308682146 -1.104831438885976E-30
0.975286872975446 -0.9907492367616005 -0.003112390173373475 1.023174486790589E-30 0.001421500762882557 -0.9879184614569968 -1.561891111441351E-30
1.075286872975446 -0.9909008399501115 -0.002762659612464027 8.457734490973925E-31 0.001425540291242149 -0.9867557858288907 -1.977168908493691E-30
1.175286872975446 -0.9910164830854857 -0.002288184633227155 6.299744958674575E-31 0.001310356313085972 -0.9857015069189827 -2.325335183166458E-30
1.272567703835282 -0.9910955441593051 -0.001723719161227115 3.908800164581236E-31 0.001070069070320631 -0.9848441470379385 -2.573057824841152E-30
1.367239203889505 -0.9911440345584277 -0.00109843890074606 1.401402209398983E-31 0.0007208985093384598 -0.9842316973921027 -2.704214872803237E-30
1.45823331323404 -0.9911676575964394 -0.000451039033097908 -1.072015304924351E-31 0.0003048855404988816 -0.9838990924144909 -2.712079967419853E-30
1.546408226315583 -0.9911713158852939 0.0001945350392112717 -3.423950899808228E-31 -0.0001321245799958135 -0.9838450959459358 -2.603738632437602E-30
1.635713061125985 -0.9911561353105911 0.0008404788982354496 -5.658661884553722E-31 -0.0005598759270427017 -0.9840646339385967 -2.383461873834712E-30
1.725638422904862 -0.9911200626182872 0.001456961299483431 -7.665469223836247E-31 -0.0009295815763368661 -0.9845447941317709 -2.065540066479809E-30
1.816577450867941 -0.9910593656196071 0.002021603300688559 -9.368579023472121E-31 -0.001207974085851033 -0.9852543754117682 -1.669830437923408E-30
1.912679019938983 -0.990965244616718 0.002531455377978152 -1.075056549513845E-30 -0.001382067644905627 -0.9861919630043732 -1.199853076194353E-30
2.012679019938983 -0.9908322067849828 0.002947618197705898 -1.169398473995395E-30 -0.001437000739812273 -0.9873064270252856 -6.849809338082883E-31
2.112679019938983 -0.9906639099546879 0.00323281285290887 -1.212069122914755E-30 -0.001384683816959714 -0.9884997976760812 -1.703796266215061E-31
2.212679019938983 -0.9904646476608611 0.0033785793181311 -1.20417585489098E-30 -0.001254771129496997 -0.9897182148761526 3.233589998321221E-31
2.312679019938984 -0.9902423330588962 0.003382005126554183 -1.148603810297698E-30 -0.001077765656868305 -0.990916517100611 7.810320831064677E-31
2.412679019938984 -0.9900078138877249 0.003245304440183701 -1.049551075109334E-30 -0.0008807033500354771 -0.9920558245020058 1.191341930721635E-30
2.512679019938984 -0.9897739056550428 0.00297555020224251 -9.122050266244535E-31 -0.0006849972708126644 -0.9931013910017482 1.545621389320204E-30
2.612679019938984 -0.9895543021096573 0.002584472497429395 -7.425254407462329E-31 -0.0005055599298373759 -0.9940214062457966 1.836985398896523E-30
2.712679019938984 -0.9893624575288105 0.002088212049379675 -5.470908183956693E-31 -0.0003506213245588096 -0.9947868610709308 2.059904422710546E-30
2.812679019938984 -0.9892105056709659 0.001506929727773292 -3.329698833068067E-31 -0.000222005760152536 -0.9953723108730691 2.210109226107906E-30
2.912679019938984 -0.9891082776872825 0.0008642037554136858 -1.075909144081347E-31 -0.0001158581559874814 -0.9957572225247588 2.284708729066478E-30
3.012679019938984 -0.9890624899519382 0.000186189431032729 1.214061497249331E-31 -2.388136261417081E-05 -0.9959274974104919 2.282396079110892E-30
3.112679019938984 -0.9890761765662596 -0.0004994334606611289 3.463376956877892E-31 6.492072067965453E-05 -0.9958767320455381 2.203626764531254E-30

1.1E-06 -0.9891712086792211 -6.567433747041382E-09 1.553064123038383E-30 1.013345607506359E-09 -0.9951416029947033 2.637376413927212E-29
3.08E-06 -0.989171208679242 -1.838881449161117E-08 1.553116343080937E-30 2.8373676967287E-09 -0.9951416029946224 2.637375359302475E-29
6.644E-06 -0.9891712086793294 -3.966729983095987E-08 1.553210339104914E-30 6.120607457631932E-09 -0.9951416029942836 2.637373460888588E-29
1.30592E-05 -0.9891712086796486 -7.79685734358077E-08 1.553379531777561E-30 1.20304390293245E-08 -0.9951416029930477 2.637370043454069E-29
2.460656E-05 -0.9891712086807465 -1.46910865886844E-07 1.553684078035807E-30 2.266813587136028E-08 -0.9951416029887953 2.637363891133879E-29
4.5391808E-05 -0.9891712086844197 -2.710069920698273E-07 1.554232259510096E-30 4.181599026594238E-08 -0.99514160297457 2.637352813918249E-29
8.28052544E-05 -0.9891712086965284 -4.943800178348516E-07 1.555218980360131E-30 7.628212864648855E-08 -0.9951416029276755 2.637332865082859E-29
0.00015014945792 -0.9891712087361346 -8.964514561595845E-07 1.556995059072906E-30 1.383211805071668E-07 -0.9951416027742886 2.637296925274291E-29
0.000271369024256 -0.9891712088651317 -1.620179997873726E-06 1.560191939710017E-30 2.499914901511316E-07 -0.9951416022747078 2.637232130248529E-29
0.0004895642436608 -0.9891712092842936 -2.922891096276322E-06 1.565946126614057E-30 4.509981428872002E-07 -0.9951416006513722 2.637115164290548E-29
0.0008823156385894401 -0.9891712106445589 -5.267769456539681E-06 1.576303018086579E-30 8.128106751701274E-07 -0.9951415953833181 2.636903540501112E-29
0.001589268149460992 -0.98917121505574 -9.488541064963645E-06 1.594943317640404E-30 1.464076487408557E-06 -0.9951415782996278 2.636519102353744E-29
0.002861782669029786 -0.9891712293549765 -1.708587487176812E-05 1.628488946269237E-30 2.636373939101779E-06 -0.9951415229212262 2.63581572570397E-29
0.005152308804253615 -0.9891712756966161 -3.076075434015971E-05 1.688848162476539E-30 4.746620134744189E-06 -0.995141343447263 2.634512760569664E-29
0.009275255847656507 -0.9891714258600446 -5.537366275050357E-05 1.797417444940226E-30 8.545709434086808E-06 -0.9951407618768785 2.632047968237378E-29
0.01669656052578171 -0.9891719123637577 -9.966596454636055E-05 1.992573841005305E-30 1.538783776404937E-05 -0.9951388775755516 2.627224669847309E-29
0.03005490894640708 -0.9891734880066123 -0.0001793283535180293 2.342882137975701E-30 2.772562112863773E-05 -0.9951327736879858 2.617292198961068E-29
0.05409993610353275 -0.9891785858449476 -0.0003223490674421414 2.969679771317761E-30 5.006125541822529E-05 -0.9951130126877362 2.595377134352797E-29
0.09738098498635897 -0.9891950258305525 -0.0005776237634518819 4.082240876916555E-30 9.100206360364996E-05 -0.9950491548194819 2.54295818572393E-29
0.1752868729754462 -0.9892474877160219 -0.001024591142313184 6.013942870107062E-30 0.000168848649525707 -0.9948440097609211 2.407390684449141E-29
0.2752868729754462 -0.9893547804669285 -0.001559390939943614 8.303853751744716E-30 0.0002808036412058631 -0.9944175831307348 2.15887592689278E-29
0.3752868729754462 -0.9895004947488264 -0.002030225533518729 1.030571899835346E-29 0.0004098818448433918 -0.9938220463972354 1.832492359711333E-29
0.4752868729754461 -0.9896754931319099 -0.002417759001978895 1.194553297127758E-29 0.0005560675791188771 -0.9930777170212576 1.436246595741255E-29
0.5752868729754461 -0.9898691030595714 -0.002705903658894846 1.315812516230096E-29 0.0007144617909983434 -0.9922091347940183 9.797960400089423E-30
0.6752868729754461 -0.9900699778276916 -0.002882310871440181 1.38888270180327E-29 0.0008749188535463626 -0.9912442780896165 4.745184700719957E-30
0.7752868729754461 -0.990267012234776 -0.00293871839928412 1.409533252587002E-29 0.001022157203342179 -0.9902142993801203 -6.616005509873469E-31
0.8752868729754461 -0.9904502486460314 -0.002871211950410377 1.375003040140463E-29 0.001136472210863892 -0.9891539164039 -6.261519039134546E-30
0.975286872975446 -0.9906116948774873 -0.00268047011079971 1.284306723144052E-29 0.00119534590858218 -0.9881023933715665 -1.18588406961861E-29
1.075286872975446 -0.9907459444924547 -0.002372048808273178 1.138624207806633E-29 0.001176388010275871 -0.9871047041714607 -1.721522915519113E-29
1.175286872975446 -0.990850451606696 -0.001956709221193921 9.417441763990771E-30 0.001061948752808141 -0.986211958913819 -2.204783262429477E-29
1.275286872975446 -0.9909252997249642 -0.001450689586735267 7.004645527227772E-30 0.0008451139512969396 -0.9854796565737381 -2.604127439227123E-29
1.375286872975446 -0.9909723770992377 -0.0008756839412924436 4.247699916854921E-30 0.0005354792005316602 -0.9849623393903693 -2.888115136023573E-29
1.471342139681159 -0.9909936786810082 -0.0002830007785382075 1.395127943490798E-30 0.0001771261480902782 -0.9847094101570314 -3.028150538678674E-29
1.565586089910731 -0.9909931809672942 0.000311117152121767 -1.468880513457058E-30 -0.0001946158877433914 -0.9847154747559972 -3.026343159700902E-29
1.661936196041402 -0.9909707250671017 0.0009043100112642338 -4.326516885758964E-30 -0.0005520084186555241 -0.984981416258719 -2.882193880901326E-29
1.758664282832451 -0.9909243886485934 0.001458846508422154 -6.990705979212505E-30 -0.0008490978607758145 -0.9854891777045639 -2.606233484244513E-29
1.857035786715001 -0.9908505671678111 0.00195610994032234 -9.370035342237847E-30 -0.001061734617482983 -0.9862108972564586 -2.215011946438737E-29
1.957035786715001 -0.9907460989240202 0.0023715783398543 -1.13500735010828E-29 -0.001176304687974912 -0.9871034715994015 -1.733666295896269E-29
2.057035786715002 -0.9906118867043043 0.002680145858341019 -1.281973675403383E-29 -0.001195376171160019 -0.9881010594633877 -1.199311195445459E-29
2.157035786715002 -0.9904504727229347 0.00287104438584416 -1.374050766014739E-29 -0.001136589023242576 -0.9891525432980293 -6.402384154033891E-30
2.257035786715002 -0.9902672598062415 0.00293871148608506 -1.409997809109712E-29 -0.001022330753370055 -0.9902129412677934 -8.031546236087179E-31
2.357035786715002 -0.990070237141114 0.00288246246822104 -1.390743422511849E-29 -0.0008751213972477824 -0.9912429825019086 4.608365593037299E-30
2.457035786715002 -0.9898693603218441 0.002706205852861506 -1.318997198350886E-29 -0.0007146704934618192 -0.992207944123395 9.670752170077856E-30
2.557035786715002 -0.9896757336424015 0.002418198421237692 -1.198943868584454E-29 -0.0005562659325371904 -0.9930766694520922 1.424916186423173E-29
2.657035786715002 -0.9895007040907218 0.002030783725839268 -1.03601038542367E-29 -0.000410060157123406 -0.9938211759759206 1.822920605167676E-29
2.757035786715002 -0.9893549456680466 0.001560044903923197 -8.366801655849091E-30 -0.0002809588600420877 -0.9944169190443146 2.15136665102446E-29
2.857035786715002 -0.9892475982993604 0.001025314070981615 -6.08326775383437E-30 -0.0001689836051939579 -0.994843575089977 2.402179318682664E-29
2.957035786715002 -0.9891855229424642 0.0004485068233970886 -3.590448767006376E-30 -7.007773569797606E-05 -0.9950860913419389 2.56903960263221E-29
3.057035786715002 -0.9891727339601382 -0.0001467149339283175 -9.746550064697372E-31 2.266829341539301E-05 -0.9951356950160639 2.647571143657827E-29

1.1E-06 -0.9893080033267655 -5.37857744186283E-09 -1.330997846843298E-30 1.005774897066608E-09 -0.9941976191829962 -6.241035879654543E-30
3.08E-06 -0.9893080033267819 -1.506001683712971E-08 -1.33101020408515E-30 2.816169156350097E-09 -0.9941976191829287 -6.241026597029353E-30
6.644E-06 -0.989308003326851 -3.24866077478867E-08 -1.331032447074167E-30 6.074878823234101E-09 -0.9941976191826462 -6.241009888086831E-30
1.30592E-05 -0.9893080033271023 -6.385447138231829E-08 -1.331072484304327E-30 1.194055622481825E-08 -0.9941976191816155 -6.240979811286646E-30
2.460656E-05 -0.9893080033279669 -1.203166258932249E-07 -1.331144550832373E-30 2.24987755552216E-08 -0.994197619178069 -6.240925670766494E-30
4.5391808E-05 -0.9893080033308588 -2.219485038241584E-07 -1.331274269007338E-30 4.150357039583656E-08 -0.9941976191662051 -6.24082821044368E-30
8.28052544E-05 -0.989308003340392 -4.048858829750468E-07 -1.331507756617035E-30 7.571220138259573E-08 -0.9941976191270954 -6.240652757930601E-30
0.00015014945792 -0.9893080033715745 -7.341731588082109E-07 -1.331928017770273E-30 1.372877387737192E-07 -0.9941976189991715 -6.240336865869536E-30
0.000271369024256 -0.9893080034731354 -1.326890216337509E-06 -1.332684434223912E-30 2.481237155582391E-07 -0.9941976185825233 -6.239768008950889E-30
0.0004895642436608 -0.989308003803147 -2.393780691788764E-06 -1.334045809994223E-30 4.476285292625062E-07 -0.9941976172286694 -6.238743252655976E-30
0.0008823156385894401 -0.989308004874101 -4.314182214636459E-06 -1.336495722475492E-30 8.067375182095688E-07 -0.9941976128351381 -6.236896054916548E-30
0.001589268149460992 -0.989308008347079 -7.770897173244496E-06 -1.340903734136817E-30 1.453135591618204E-06 -0.9941975985874245 -6.233562559575929E-30
0.002861782669029786 -0.9893080196050482 -1.399293868307464E-05 -1.348832201448196E-30 2.616663172218801E-06 -0.9941975524021076 -6.227534615206855E-30
0.005152308804253615 -0.9893080560904212 -2.519234844707367E-05 -1.363084025239179E-30 4.71107727183221E-06 -0.9941974027216698 -6.216594807863954E-30
0.009275255847656507 -0.9893081743161924 -4.534974054579063E-05 -1.388673653575445E-30 8.481398578909168E-06 -0.994196917694423 -6.196613664323794E-30
0.01669656052578171 -0.9893085573490638 -8.162403268677483E-05 -1.434524426887969E-30 1.527016876575416E-05 -0.9941953461920009 -6.159712695228779E-30
0.03005490894640708 -0.9893097978978499 -0.0001468651980780018 -1.516348556576863E-30 2.750272334385189E-05 -0.9941902555334969 -6.090279984325545E-30
0.05409993610353275 -0.9893138117571495 -0.0002639929450926461 -1.661195666938317E-30 4.959549977035197E-05 -0.9941737744725154 -5.955655845041044E-30
0.09738098498635897 -0.989326757962233 -0.0004730398415595428 -1.913197156242977E-30 8.978967367462583E-05 -0.9941205123504602 -5.682771053818536E-30
0.1752868729754462 -0.9893680909142043 -0.0008389934954210522 -2.333869284205213E-30 0.0001645286723984456 -0.9939493738470238 -5.097052655916449E-30
0.2752868729754462 -0.9894527230238173 -0.001276613282950088 -2.799263069374026E-30 0.000267235809684394 -0.9935935085524233 -4.182005803088089E-30
0.3752868729754462 -0.9895678953772916 -0.001661416074990362 -3.164967118397518E-30 0.0003790877491559732 -0.9930963624586092 -3.108004647942942E-30
0.4752868729754461 -0.9897066202164374 -0.001977378140919689 -3.416581437315938E-30 0.0004989457079682294 -0.9924750849923628 -1.905665287002323E-30
0.5752868729754461 -0.9898607219329314 -0.002211159492655769 -3.542977966384549E-30 0.0006221920365532287 -0.9917508311444921 -6.098022915746425E-31
0.6752868729754461 -0.9900214895942538 -0.002352563050471617 -3.536723703205383E-30 0.0007405520645719997 -0.990948236323583 7.404482275144129E-31
0.7752868729754461 -0.9901803659710214 -0.002394886583417924 -3.394533001766985E-30 0.0008423626373826912 -0.990095163354147 2.101177781225639E-30
0.8752868729754461 -0.9903296142465791 -0.002335196614649357 -3.1177757251364E-30 0.0009133922739157784 -0.9892227553048315 3.423083689264783E-30
0.975286872975446 -0.9904628937084589 -0.002174555760273513 -2.713040482089663E-30 0.0009383657222523475 -0.9883656686203423 4.651081335487313E-30
1.075286872975446 -0.9905756627216571 -0.001918219344754158 -2.192696580527755E-30 0.0009033327890128975 -0.9875621402852185 5.724861840539185E-30
1.175286872975446 -0.9906653202479374 -0.001575778887358996 -1.575313260519712E-30 0.0007988426396704484 -0.9868533023144506 6.581358995383219E-30
1.275286872975446 -0.9907310154016984 -0.001161171840447271 -8.856977473007924E-31 0.0006234532064837177 -0.9862810398712242 7.16001682884038E-30
1.375286872975446 -0.9907731207069385 -0.0006924194967984378 -1.542558905356756E-31 0.0003864915414543569 -0.9858839487220664 7.410979533865492E-30
1.475286872975446 -0.990792482806922 -0.0001909421237295382 5.845592307131516E-31 0.0001085697407247153 -0.9856917760661243 7.304738768708625E-30
1.575286872975447 -0.9907896911317967 0.0003196210958662909 1.294708145195705E-30 -0.0001812473614730302 -0.9857198921604774 6.840044398647365E-30
1.675286872975447 -0.9907646519915765 0.0008149906687483142 1.941575692993296E-30 -0.0004513020820668898 -0.9859660064521821 6.046480581113349E-30
1.775286872975447 -0.9907166540312808 0.001271951767021192 2.49488965512294E-30 -0.000674210463602681 -0.9864106754095893 4.980037818540788E-30
1.875286872975447 -0.9906448956768018 0.001669851903921703 2.930901714108999E-30 -0.0008320884320555298 -0.987021352943249 3.713316763562633E-30
1.975286872975447 -0.9905492486043863 0.00199165712649241 3.233479854608614E-30 -0.0009184966086476923 -0.987758128061594 2.324259460885517E-30
2.075286872975447 -0.9904309690556643 0.002224518138787689 3.394159167956437E-30 -0.0009372179305320232 -0.9885790010473171 8.870539144333428E-31
2.175286872975447 -0.9902931448987745 0.002359948590077729 3.411470300192781E-30 -0.0008991735782453873 -0.989443438909793 -5.331294407775539E-31
2.275286872975447 -0.9901407980813031 0.002393770365005088 3.289925705801433E-30 -0.0008189209014674055 -0.9903140874778347 -1.881885984407403E-30
2.375286872975447 -0.9899806689194177 0.002325951569735266 3.038954781610186E-30 -0.0007116600830968861 -0.9911572003599596 -3.115086947457936E-30
2.475286872975447 -0.9898207610716522 0.002160401946228384 2.671944409589887E-30 -0.0005910862205899694 -0.9919424832914513 -4.197448726220469E-30
2.575286872975447 -0.9896697356194851 0.001904736231268714 2.205430675752605E-30 -0.0004680586507305104 -0.9926428835353104 -5.101047910995049E-30
2.675286872975447 -0.9895362326929609 0.001569983655493788 1.658421909677078E-30 -0.0003499332446375102 -0.9932346099593304 -5.804221581478659E-30
2.775286872975447 -0.9894281864044979 0.001170211233799589 1.051806683909536E-30 -0.0002404147274219538 -0.9936974629490732 -6.290967245829468E-30
2.875286872975447 -0.9893521901228954 0.0007220343667215883 4.077995723532781E-31 -0.0001398366974013656 -0.9940154100415929 -6.550764514759927E-30
2.975286872975448 -0.989312963673005 0.0002440048129374168 -2.506094377017976E-31 -4.580935368295177E-05 -0.994177258009858 -6.578648442312972E-30
3.075286872975448 -0.9893129680436549 -0.0002441120586530222 -9.002174629600631E-31 4.582964877628717E-05 -0.9941772400588704 -6.375344632100017E-30

1.1E-06 -0.9894953272025789 -3.813573837230241E-09 -1.794107012455209E-29 8.856449332384055E-10 -0.9929622125091461 1.017681973270326E-28
3.08E-06 -0.98949532720259 -1.067800674418286E-08 -1.794086862339276E-29 2.479805304828088E-09 -0.992962212509097 1.017683272466412E-28
6.644E-06 -0.9894953272026363 -2.303398597617981E-08 -1.794050592065773E-29 5.349293973736888E-09 -0.9929622125088913 1.017685610982596E-28
1.30592E-05 -0.9894953272028045 -4.527474859023926E-08 -1.793985305363442E-29 1.051437357809717E-08 -0.9929622125081408 1.01768982019259E-28
2.460656E-05 -0.9894953272033834 -8.530812127328066E-08 -1.793867788618791E-29 1.98115168680663E-08 -0.9929622125055584 1.017697396384566E-28
4.5391808E-05 -0.9894953272053199 -1.573681919675227E-07 -1.793656256273907E-29 3.654637480285471E-08 -0.9929622124969203 1.017711032279437E-28
8.28052544E-05 -0.9894953272117032 -2.870763184110912E-07 -1.793275490911441E-29 6.666911916199093E-08 -0.9929622124684438 1.017735572837925E-28
0.00015014945792 -0.9894953272325822 -5.205509412521144E-07 -1.792590090125468E-29 1.208900594602344E-07 -0.9929622123753002 1.017779732713495E-28
0.000271369024256 -0.9894953273005849 -9.408052344380338E-07 -1.791356293790108E-29 2.184877546495045E-07 -0.9929622120719314 1.017859177947369E-28
0.0004895642436608 -0.989495327521553 -1.697262798705033E-06 -1.789135217830582E-29 3.941636215157821E-07 -0.9929622110861664 1.018002041520755E-28
0.0008823156385894401 -0.9894953282386394 -3.058885459123796E-06 -1.785136496312504E-29 7.103802726006425E-07 -0.9929622078871591 1.018258749262464E-28
0.001589268149460992 -0.9894953305640666 -5.509800670578297E-06 -1.777936261216201E-29 1.279570774251762E-06 -0.9929621975131483 1.018719375546898E-28
0.002861782669029786 -0.9894953381021488 -9.921415504304579E-06 -1.764967657323201E-29 2.304116768273095E-06 -0.992962163884807 1.019543810297365E-28
0.005152308804253615 -0.9894953625319491 -1.786213232734342E-05 -1.741597881292407E-29 4.148317589476071E-06 -0.9929620548998487 1.021012576342366E-28
0.009275255847656507 -0.989495441693503 -3.215431505074987E-05 -1.699448372210467E-29 7.467984226892345E-06 -0.992961701742988 1.023606980946671E-28
0.01669656052578171 -0.9894956981664269 -5.787378436546166E-05 -1.623314768970289E-29 1.344399708886158E-05 -0.992960557504514 1.028116519626902E-28
0.03005490894640708 -0.9894965288394231 -0.0001041311617064256 -1.485460598489697E-29 2.420438667171709E-05 -0.9929568509073843 1.0357116752865E-28
0.05409993610353275 -0.9894992167405753 -0.0001871748915648535 -1.234940617031737E-29 4.359373137705956E-05 -0.9929448507682186 1.047678758853401E-28
0.09738098498635897 -0.989507888493422 -0.0003353757041953777 -7.777812561463912E-30 7.861199519167341E-05 -0.9929060698745867 1.06363175940391E-28
0.1752868729754462 -0.9895355980514881 -0.0005947320725030703 5.641653167660899E-31 0.0001422745635251635 -0.9927814655244241 1.073951632205421E-28
0.2752868729754462 -0.9895924520695114 -0.000904612150392887 1.12274593266726E-29 0.0002255598459186641 -0.9925224107793127 1.052124403694984E-28
0.3752868729754462 -0.9896700955385723 -0.001176604667883381 2.14758372281207E-29 0.0003102435630679857 -0.9921607318844807 9.910888275710804E-29
0.4752868729754461 -0.9897640896894417 -0.001399201167488042 3.092266774396423E-29 0.0003944426487188205 -0.9917093928134848 8.921204049473238E-29
0.5752868729754461 -0.989869216684874 -0.00156284452198622 3.919969117653355E-29 0.0004744665783183699 -0.9911846746667509 7.576251809230696E-29
0.6752868729754461 -0.9899798763912109 -0.001660300761703565 4.596858422277579E-29 0.0005448320829842468 -0.9906058157884683 5.911960928216479E-29
0.7752868729754461 -0.9900904999148875 -0.001686955935098901 5.093322682720753E-29 0.0005985886594308189 -0.9899946903566068 3.976969297058504E-29
0.8752868729754461 -0.9901959395011446 -0.00164104153754202 5.385291238947817E-29 0.0006279924344642964 -0.9893755020871512 1.833634331932831E-29
0.975286872975446 -0.9902917919748584 -0.00152379039946527 5.455651695316592E-29 0.0006255415545074018 -0.9887743980545325 -4.411459967123356E-30
1.075286872975446 -0.9903746140393365 -0.001339516007431153 5.295712456873747E-29 0.000585325424449465 -0.9882188363018212 -2.755981688499237E-29
1.175286872975446 -0.9904419963133336 -0.001095593140961495 4.906577980607504E-29 0.0005045267920487164 -0.987736505206952 -5.006859479725025E-29
1.275286872975446 -0.9904924835433416 -0.0008023015086262595 4.300204709060333E-29 0.0003847626403496227 -0.9873536435666632 -7.081800100766708E-29
1.375286872975446 -0.9905253624828244 -0.0004724864708703066 3.499827981596814E-29 0.0002328231998425082 -0.9870927900859615 -8.868789101780011E-29
1.475286872975446 -0.9905403798169539 -0.0001210035103004689 2.539451192950276E-29 6.038203226649625E-05 -0.9869702801894576 -1.026638799268342E-28
1.575286872975447 -0.9905374833303821 0.0002360484285999381 1.46221617669357E-29 -0.0001175034249138639 -0.9869940823893191 -1.119506991597855E-28
1.675286872975447 -0.9905166797884484 0.0005822442356477368 3.177218688008622E-30 -0.0002848425515954356 -0.9871626331104427 -1.160642371097504E-28
1.775286872975447 -0.9904780636255647 0.0009017920919010063 -8.413593643727734E-30 -0.0004274393470131758 -0.9874650710586733 -1.148766948992925E-28
1.875286872975447 -0.9904220053733962 0.00118041208279879 -1.962832118951937E-29 -0.000535092858387594 -0.9878827880764325 -1.086047914139183E-28
1.975286872975447 -0.9903494290208417 0.001406038414545346 -2.998158675740109E-29 -0.0006027104590929911 -0.9883917776119786 -9.775065079713623E-29
2.075286872975447 -0.9902620806183143 0.001569303226355507 -3.904903975048733E-29 -0.0006302283809517025 -0.9889651101027762 -8.301799072122957E-29
2.175286872975447 -0.9901627024692667 0.001663811956803297 -4.648320367980584E-29 -0.0006216265524011791 -0.9895750184826798 -6.522737847254318E-29
2.275286872975447 -0.9900550636448325 0.001686250451751253 -5.202151241977443E-29 -0.0005834918401021398 -0.9901943760125377 -4.524654224903132E-29
2.375286872975447 -0.9899438376240375 0.001636368945674333 -5.54884099368488E-29 -0.0005235387607927433 -0.9907976106596018 -2.394153565119691E-29
2.475286872975447 -0.9898343477909363 0.001516876383342479 -5.679355212106378E-29 -0.0004493506810097617 -0.9913612362697654 -2.146879631220129E-30
2.575286872975447 -0.9897322177852451 0.001333261857651465 -5.592774741568787E-29 -0.0003674600138513191 -0.991864197860455 1.935083344041336E-29
2.675286872975447 -0.9896429693478381 0.00109354651362497 -5.2957679687946E-29 -0.0002827901281166849 -0.9922881760918948 3.982181061235651E-29
2.775286872975447 -0.989571609955909 0.0008079627268358698 -4.80199200548618E-29 -0.0001984350107595328 -0.9926179216214891 5.859902718749965E-29
2.875286872975447 -0.9895222494742919 0.0004885578808799964 -4.131436404552435E-29 -0.0001157353737333632 -0.9928416228203693 7.508405825603734E-29
2.975286872975448 -0.9894977805180439 0.0001487259491076665 -3.309704244067803E-29 -3.46020719672106E-05 -0.9929512639832617 8.875383022133609E-29
3.075286872975448 -0.9894996511299868 -0.000197321196250047 -2.367221434142633E-29 4.597160001301976E-05 -0.992942910533225 9.916812689960225E-29

