1.1E-06 -0.9889514941464644 -1.131400629129848E-08 0.003249420704781547 1.322901972873212E-09 -0.9992369544112656 -1.081571628102748E-08
3.08E-06 -0.9889514941465022 -3.167921761547028E-08 0.003249420704740858 3.70412603530735E-09 -0.9992369544111418 -3.028400544445576E-08
6.644E-06 -0.9889514941466595 -6.83365979975886E-08 0.003249420704570479 7.990329348248922E-09 -0.9992369544106234 -6.532692593770222E-08
1.30592E-05 -0.9889514941472335 -1.343198826759216E-07 0.003249420703949067 1.570549531539127E-08 -0.9992369544087325 -1.284041828192327E-07
2.460656E-05 -0.9889514941492087 -2.53089795037177E-07 0.0032494207018108 2.959279408047376E-08 -0.9992369544022258 -2.419432451662122E-07
4.5391808E-05 -0.9889514941558161 -4.66875636924592E-07 0.003249420694658006 5.458993200474366E-08 -0.9992369543804599 -4.463135571492132E-07
8.28052544E-05 -0.9889514941775981 -8.51690150159115E-07 0.0032494206710783 9.958478114539625E-08 -0.9992369543087065 -8.141801172787213E-07
0.00015014945792 -0.9889514942488444 -1.544356261216273E-06 0.003249420593951676 1.805755147742568E-07 -0.9992369540740096 -1.47633991701368E-06
0.000271369024256 -0.9889514944808937 -2.791155186183535E-06 0.003249420342750342 3.263588656897449E-07 -0.9992369533096018 -2.66822750664886E-06
0.0004895642436608 -0.9889514952349131 -5.035392812511375E-06 0.003249419526498122 5.887690751786437E-07 -0.9992369508257396 -4.813624875989188E-06
0.0008823156385894401 -0.9889514976818593 -9.075017976762189E-06 0.003249416877593454 1.061108491513952E-06 -0.9992369427651013 -8.675338434413739E-06
0.001589268149460992 -0.9889515056170187 -1.634632830751568E-05 0.003249408287500455 1.911325508603973E-06 -0.9992369166253821 -1.562641287682387E-05
0.002861782669029786 -0.9889515313395534 -2.94345995736972E-05 0.00324938044188141 3.441751547785973E-06 -0.9992368318909813 -2.813828873448008E-05
0.005152308804253615 -0.988951614702443 -5.299297837674219E-05 0.00324929019777913 6.196724986707988E-06 -0.999236557277935 -5.065932609830181E-05
0.009275255847656507 -0.9889518848288215 -9.539508844224389E-05 0.003248997767304969 1.115688202869874E-05 -0.9992356674148536 -9.119521490422679E-05
0.01669656052578171 -0.9889527600014008 -0.0001717015542796742 0.003248050264900107 2.009219054067851E-05 -0.9992327842124622 -0.0001641482757121473
0.03005490894640708 -0.9889555945285727 -0.0003089521234539389 0.00324498076478214 3.621669263008576E-05 -0.9992234442775102 -0.0002953964948524379
0.05409993610353275 -0.988964766410359 -0.0005554140412816743 0.00323504111927468 6.547903340641728E-05 -0.9991932039097023 -0.0005312510154742519
0.09738098498635897 -0.9889943556765599 -0.0009956163377437348 0.003202896979250701 0.0001195298959954191 -0.9990954517355209 -0.0009535046667800178
0.1752868729754462 -0.9890888910529694 -0.001768104689422292 0.00309938534168727 0.0002246606696109413 -0.9987810944161234 -0.001700298388492018
0.2752868729754462 -0.9892827769345234 -0.002697810040006794 0.002883023680641756 0.0003828498202623658 -0.9981258856498281 -0.002617410774463967
0.3752868729754462 -0.9895473119584666 -0.003525541423783911 0.002578207693089144 0.0005758880635121105 -0.9972061000185419 -0.003465424988666328
0.4752868729754461 -0.9898669480466107 -0.004219740754188928 0.002193018660528521 0.0008078035610514946 -0.996046820804648 -0.004221059299100429
0.5752868729754461 -0.9902231273321489 -0.004753260574742869 0.001737833549152786 0.001075775708303673 -0.9946765358141797 -0.004861544362421579
0.6752868729754461 -0.9905954859144268 -0.005103854654183096 0.001225324472634874 0.001369125043818493 -0.9931254458370509 -0.005363517066693633
0.7752868729754461 -0.9909631981330963 -0.00525442718470041 0.0006705944882981013 0.001668183113252481 -0.9914249956287308 -0.005701423547656682
0.8752868729754461 -0.9913064678156794 -0.005193186677819587 9.14888314361749E-05 0.001942850289662376 -0.9896094189163442 -0.005845666709062272
0.975286872975446 -0.9916081902959838 -0.004913940018266821 -0.0004909181107675827 0.00215113984388457 -0.987720344916396 -0.005761093459502157
1.070897947557037 -0.9918461430552146 -0.004443182970087471 -0.001027975776217157 0.00223859537817406 -0.9858985079188767 -0.005429006507150334
1.1587192860409 -0.9920160555442369 -0.003841174796574624 -0.001482319038352727 0.002176009849629826 -0.9842764793363907 -0.004876210078340647
1.240916544167301 -0.9921328332175434 -0.003141414149137717 -0.001853827076770748 0.001958015421880542 -0.9828794956858872 -0.00412467838039622
1.318529256109146 -0.9922086764137945 -0.002374845665660494 -0.002139564641325643 0.001593396975945137 -0.9817520737456069 -0.00320552505776263
1.392378353525362 -0.9922541623713493 -0.001568852810914336 -0.002338632219919209 0.001108336147298759 -0.9809348015048156 -0.002160807565008626
1.462732221605118 -0.9922773364190474 -0.0007528499467966859 -0.002452072227468524 0.0005477972055059159 -0.9804560250853086 -0.001049302175939296
1.530258423953546 -0.9922837193630833 5.230082102813884E-05 -0.002485175339871719 -3.838580749631056E-05 -0.9803144089178358 7.315241874614404E-05
1.597873503810912 -0.9922753943076754 0.0008570141119754874 -0.002442173302811537 -0.0006219831102951773 -0.9804982027042863 0.001193232880607679
1.665651523492116 -0.9922512057884476 0.001639431602591569 -0.002324828924440323 -0.001154052324762041 -0.9809923898325723 0.002254798060540912
1.733727380946666 -0.9922083018716037 0.002379848561673498 -0.0021380289971838 -0.001596119974955647 -0.9817582714146507 0.003211787490183174
1.804963799407588 -0.9921397160804296 0.003086544561481525 -0.001877968546934742 -0.001935807215091531 -0.9827861527996619 0.004061865827244409
1.882886809425889 -0.9920326793781226 0.003761441049478588 -0.001531513180937504 -0.002157974155414568 -0.9840954876130584 0.004795718337750197
1.964155212242526 -0.9918821589411305 0.004340768521414923 -0.001118067182330621 -0.002238611675919165 -0.9855834613496921 0.005342873651450166
2.045968802256938 -0.9916899259734329 0.00478511720144115 -0.0006656429931332112 -0.002193510048528346 -0.9871373242006489 0.005683599121532118
2.130618683365441 -0.9914509201782358 0.005092305409348952 -0.0001766727701532778 -0.002049636015987492 -0.9887489957130065 0.005837621128435539
2.219445439221137 -0.9911631930320006 0.005245974376982738 0.0003419550174526824 -0.001830264630443548 -0.9904009726804874 0.005809551931733569
2.314735864336389 -0.9908244178652633 0.005221331420088426 0.0008866641531621205 -0.001554803591004167 -0.9920908834633282 0.005593341287026946
2.414735864336389 -0.9904525001994541 0.004992576467918021 0.00142719599490689 -0.001254977043878157 -0.9937380384528244 0.005189453979451178
2.514735864336389 -0.990083863986668 0.004569720335834905 0.001919428051242607 -0.0009695279345213183 -0.9952236169936355 0.004631648879275693
2.614735864336389 -0.9897393258703071 0.003971847824937954 0.002349213604586393 -0.0007145342234171572 -0.996516703025238 0.003944429321650249
2.714735864336389 -0.9894387103784699 0.003223119777943689 0.002704765845943113 -0.0004975497438384047 -0.9975876135091626 0.00315076633560399
2.814735864336389 -0.9891995581649546 0.002352444650973185 0.00297657998105127 -0.0003186523327343739 -0.9984089186001704 0.002273525153163062
2.914735864336389 -0.989035982464105 0.001392872511179437 0.003157471971959441 -0.0001714956095306667 -0.9989574209774941 0.001336355344992167
3.01473586433639 -0.9889577212215558 0.0003806655469162347 0.003242677062846565 -4.468216428489636E-05 -0.9992164349294574 0.0003639961688530543
3.11473586433639 -0.9889694590289814 -0.0006459292550908438 0.00322995127929316 7.637116322373034E-05 -0.9991777210447534 -0.0006179515310146022
